0 0
1 0
0 1
1 1
0 0
1 2
-1 0
2 2
-1 -1
1 2
-2 -1
0 2
-2 -2
-1 2
-2 -3
-1 3
-1 -3
0 3
-1 -4
0 4
-1 -3
0 5
-2 -3
0 4
-3 -3
1 4
-3 -2
1 5
-2 -2
0 5
-2 -1
-1 5
-3 -1
-1 6
-3 -2
-1 5
-2 -2
0 5
-1 -2
0 6
-2 -2
-1 6
-2 -1
0 6
-1 -1
-1 6
-1 -2
-1 5
-2 -2
-2 5
-2 -3
-2 6
-3 -3
-2 7
-3 -2
-1 7
-4 -2
0 7
-3 -2
1 7
-4 -2
2 7
-4 -3
1 7
-3 -3
0 7
-2 -3
0 8
-2 -2
-1 8
-2 -1
-1 9
-2 0
-2 9
-1 0
-3 9
0 0
-2 9
0 -1
-2 8
1 -1
-2 7
1 -2
-1 7
1 -3
-2 7
0 -3
-2 8
1 -3
-2 7
0 -3
-1 7
0 -2
0 7
0 -3
-1 7
0 -4
-1 8
-1 -4
0 8
-1 -5
1 8
0 -5
0 8
1 -5
0 9
1 -6
-1 9
0 -6
-2 9
-1 -6
-2 8
-1 -5
-2 7
-1 -6
-2 8
0 -6
-3 8
0 -7
-2 8
0 -8
-2 9
1 -8
-1 9
2 -8
-1 8
2 -9
0 8
2 -10
0 9
2 -9
0 10
1 -9
0 11
1 -8
-1 11
2 -8
0 11
2 -9
-1 11
2 -8
-1 12
2 -9
-2 12
3 -9
-2 13
2 -9
-2 12
2 -10
-2 13
2 -9
-3 13
2 -8
-2 13
1 -8
-3 13
2 -8
-3 14
3 -8
-2 14
2 -8
-2 15
1 -8
-1 15
2 -8
0 15
1 -8
1 15
0 -8
1 14
0 -9
2 14
-1 -9
3 14
-1 -10
2 14
-2 -10
1 14
-1 -10
0 14
0 -10
-1 14
1 -10
-1 13
2 -10
-2 13
1 -10
-1 13
1 -9
-1 14
1 -8
-1 15
1 -9
0 15
2 -9
0 16
3 -9
0 17
2 -9
0 16
1 -9
-1 16
1 -10
-1 15
1 -9
-1 16
0 -9
-1 15
-1 -9
-1 16
-2 -9
-1 17
-1 -9
-1 18
-1 -8
-1 17
-1 -7
-1 18
-1 -6
-1 19
-1 -5
-1 18
-2 -5
0 18
-3 -5
0 19
-3 -6
1 19
-4 -6
0 19
-3 -6
-1 19
-3 -5
-1 18
-3 -4
0 18
-3 -5
-1 18
-4 -5
0 18
-4 -4
-1 18
-3 -4
-1 19
-3 -3
-1 18
-3 -2
-2 18
-2 -2
-2 17
-3 -2
-2 16
-3 -1
-1 16
-3 -2
0 16
-3 -1
0 17
-4 -1
0 16
-4 -2
0 17
-4 -3
1 17
-5 -3
1 18
-6 -3
2 18
-6 -2
2 17
-7 -2
3 17
-8 -2
3 18
-7 -2
2 18
-7 -3
2 19
-6 -3
1 19
-5 -3
0 19
-4 -3
-1 19
-5 -3
-2 19
-6 -3
-1 19
-6 -2
-1 18
-6 -3
-1 19
-5 -3
-1 20
-5 -4
-1 19
-5 -5
-1 18
-5 -6
0 18
-6 -6
1 18
-7 -6
1 19
-8 -6
1 18
-8 -7
1 19
-8 -8
1 20
-8 -9
2 20
-8 -10
1 20
-9 -10
1 21
-10 -10
1 22
-10 -9
1 21
-10 -8
0 21
-9 -8
0 22
-10 -8
0 21
-10 -9
1 21
-11 -9
1 20
-12 -9
1 19
-12 -8
1 18
-13 -8
0 18
-13 -9
-1 18
-14 -9
-1 19
-14 -8
0 19
-13 -8
0 20
-13 -7
0 21
-13 -8
0 22
-12 -8
0 21
-13 -8
1 21
-14 -8
1 22
-14 -9
1 21
-15 -9
0 21
-15 -8
-1 21
-14 -8
-1 20
-15 -8
-1 19
-14 -8
-2 19
-13 -8
-3 19
-13 -9
-3 20
-13 -8
-2 20
-14 -8
-2 19
-15 -8
-1 19
-15 -7
-1 20
-14 -7
-1 21
-14 -6
0 21
-14 -7
0 22
-13 -7
0 23
-14 -7
-1 23
-15 -7
-2 23
-15 -8
-1 23
-16 -8
-1 22
-17 -8
-2 22
-16 -8
-2 21
-15 -8
-3 21
-15 -7
-3 20
-14 -7
-3 21
-13 -7
-2 21
-14 -7
-2 20
-14 -6
-2 21
-15 -6
-2 22
-14 -6
-2 21
-15 -6
-2 20
-15 -7
-2 19
-15 -8
-3 19
-14 -8
-2 19
-13 -8
-1 19
-12 -8
-1 20
-12 -9
-1 21
-12 -8
0 21
-12 -9
-1 21
-12 -10
-2 21
-12 -9
-3 21
-12 -10
-3 20
-11 -10
-3 21
-10 -10
-3 22
-10 -11
-3 21
-10 -10
-2 21
-10 -11
-2 20
-10 -10
-2 21
-10 -11
-3 21
-11 -11
-3 22
-12 -11
-3 23
-12 -10
-4 23
-11 -10
-4 22
-10 -10
-4 21
-10 -11
-4 22
-10 -12
-3 22
-9 -12
-4 22
-8 -12
-3 22
-7 -12
-3 21
-7 -11
-2 21
-7 -10
-1 21
-7 -9
-1 22
-7 -10
-2 22
-6 -10
-2 23
-7 -10
-2 22
-8 -10
-3 22
-7 -10
-3 23
-7 -11
-3 22
-6 -11
-3 21
-6 -10
-4 21
-7 -10
-4 20
-6 -10
-4 19
-7 -10
-5 19
-6 -10
-6 19
-6 -11
-5 19
-6 -10
-5 18
-6 -11
-5 17
-7 -11
-5 16
-8 -11
-5 15
-8 -12
-5 14
-8 -11
-5 13
-9 -11
-5 12
-9 -12
-6 12
-9 -13
-6 13
-9 -12
-6 14
-8 -12
-6 13
-7 -12
-7 13
-8 -12
-7 14
-9 -12
-6 14
-8 -12
-7 14
-8 -13
-7 15
-8 -12
-6 15
-8 -11
-6 14
-8 -10
-5 14
-7 -10
-5 15
-7 -11
-6 15
-7 -10
-7 15
-6 -10
-8 15
-6 -11
-9 15
-5 -11
-8 15
-5 -12
-8 16
-6 -12
-7 16
-5 -12
-7 15
-6 -12
-6 15
-5 -12
-6 14
-5 -11
-6 15
-5 -10
-5 15
-6 -10
-5 16
-5 -10
-4 16
-5 -11
-4 15
-5 -12
-4 14
-4 -12
-4 15
-4 -13
-5 15
-4 -12
-4 15
-5 -12
-5 15
-4 -12
-4 15
-4 -11
-5 15
-3 -11
-5 16
-2 -11
-5 15
-2 -12
-4 15
-3 -12
-4 14
-4 -12
-5 14
-3 -12
-4 14
-3 -11
-4 15
-2 -11
-4 14
-2 -10
-4 15
-2 -9
-3 15
-3 -9
-3 16
-4 -9
-4 16
-4 -8
-4 17
-4 -9
-3 17
-4 -10
-4 17
-4 -9
-5 17
-5 -9
-4 17
-5 -10
-3 17
-5 -9
-3 18
-5 -10
-3 17
-5 -11
-3 18
-5 -12
-3 19
-4 -12
-3 18
-4 -11
-4 18
-3 -11
-4 19
-3 -10
-5 19
-2 -10
-5 18
-2 -9
-5 17
-1 -9
-5 16
0 -9
-5 15
-1 -9
-5 14
-1 -8
-4 14
-1 -9
-4 13
0 -9
-4 14
0 -8
-4 13
-1 -8
-3 13
-1 -9
-2 13
0 -9
-2 14
-1 -9
-1 14
0 -9
-2 14
1 -9
-2 13
2 -9
-2 12
2 -8
-3 12
1 -8
-3 11
1 -9
-3 10
1 -10
-4 10
1 -11
-4 9
1 -12
-3 9
0 -12
-3 8
0 -11
-4 8
0 -10
-3 8
0 -9
-3 7
-1 -9
-2 7
0 -9
-2 8
1 -9
-3 8
1 -10
-2 8
2 -10
-3 8
3 -10
-3 9
2 -10
-3 8
3 -10
-3 7
2 -10
-3 6
3 -10
-3 5
3 -11
-3 6
4 -11
-2 6
4 -12
-2 5
4 -13
-3 5
5 -13
-3 4
6 -13
-3 3
5 -13
-3 2
5 -12
-2 2
6 -12
-2 3
7 -12
-1 3
7 -13
-2 3
6 -13
-1 3
6 -12
-2 3
7 -12
-2 4
6 -12
-1 4
7 -12
0 4
7 -11
0 3
6 -11
-1 3
5 -11
-1 4
4 -11
-1 5
4 -12
0 5
4 -13
0 4
4 -12
1 4
5 -12
0 4
4 -12
1 4
3 -12
1 3
3 -11
2 3
3 -10
2 2
3 -9
2 3
3 -8
2 2
2 -8
3 2
2 -7
3 3
2 -8
3 2
3 -8
2 2
4 -8
3 2
3 -8
4 2
4 -8
4 3
5 -8
4 2
5 -7
3 2
5 -8
2 2
6 -8
2 1
5 -8
3 1
6 -8
3 2
5 -8
2 2
5 -7
2 1
6 -7
2 2
6 -6
2 3
5 -6
3 3
5 -5
3 2
5 -4
4 2
4 -4
5 2
4 -5
4 2
3 -5
4 1
4 -5
4 0
4 -6
4 1
5 -6
4 0
5 -7
3 0
4 -7
4 0
5 -7
5 0
4 -7
4 0
4 -6
4 -1
4 -5
3 -1
5 -5
3 -2
4 -5
3 -3
4 -6
4 -3
5 -6
5 -3
5 -5
5 -2
4 -5
6 -2
4 -4
7 -2
3 -4
6 -2
3 -3
7 -2
3 -4
7 -3
4 -4
8 -3
4 -3
7 -3
3 -3
7 -4
3 -2
7 -3
3 -3
7 -4
2 -3
8 -4
3 -3
9 -4
2 -3
9 -5
3 -3
9 -6
4 -3
8 -6
4 -2
7 -6
4 -3
6 -6
3 -3
7 -6
4 -3
8 -6
4 -2
8 -5
3 -2
9 -5
4 -2
9 -4
3 -2
9 -3
3 -3
10 -3
2 -3
11 -3
2 -4
11 -4
2 -3
11 -3
2 -2
11 -4
3 -2
11 -5
3 -3
11 -6
4 -3
11 -5
5 -3
10 -5
4 -3
11 -5
4 -2
11 -4
5 -2
11 -3
4 -2
10 -3
4 -3
10 -2
3 -3
10 -3
2 -3
10 -2
2 -4
9 -2
1 -4
10 -2
1 -5
10 -3
1 -6
9 -3
1 -5
8 -3
0 -5
9 -3
0 -4
10 -3
0 -3
10 -4
-1 -3
10 -5
-1 -4
9 -5
-1 -3
10 -5
-1 -4
10 -6
-1 -5
11 -6
-1 -6
12 -6
-1 -7
12 -7
-1 -6
11 -7
-1 -7
11 -6
0 -7
10 -6
1 -7
11 -6
1 -6
11 -7
1 -7
10 -7
1 -6
10 -6
1 -5
10 -7
1 -6
11 -7
0 -6
11 -6
0 -7
11 -7
-1 -7
11 -8
-1 -6
10 -8
0 -6
9 -8
0 -7
9 -7
0 -8
9 -8
0 -9
10 -8
-1 -9
9 -8
-1 -8
10 -8
-1 -7
10 -7
0 -7
9 -7
0 -8
8 -7
-1 -8
8 -8
-1 -9
8 -7
0 -9
8 -8
-1 -9
8 -9
-1 -10
7 -9
-1 -11
8 -9
-1 -10
7 -9
0 -10
7 -8
0 -11
6 -8
-1 -11
7 -8
-1 -12
6 -8
-1 -13
6 -7
-1 -14
6 -6
0 -14
6 -5
1 -14
6 -4
2 -14
6 -5
1 -14
5 -5
1 -13
5 -6
1 -14
5 -7
0 -14
4 -7
-1 -14
4 -8
0 -14
4 -7
0 -13
5 -7
0 -12
4 -7
-1 -12
3 -7
-2 -12
4 -7
-2 -13
4 -8
-1 -13
5 -8
-1 -12
4 -8
0 -12
4 -7
1 -12
5 -7
2 -12
5 -8
1 -12
5 -9
2 -12
5 -8
2 -11
4 -8
2 -12
4 -7
1 -12
4 -8
0 -12
5 -8
1 -12
6 -8
1 -13
6 -9
2 -13
6 -8
2 -12
6 -9
1 -12
5 -9
2 -12
6 -9
3 -12
6 -8
3 -11
6 -9
4 -11
5 -9
3 -11
4 -9
3 -12
3 -9
3 -13
2 -9
3 -12
2 -10
2 -12
3 -10
2 -11
3 -9
3 -11
2 -9
3 -12
1 -9
3 -11
1 -10
2 -11
0 -10
2 -12
0 -9
3 -12
-1 -9
4 -12
-2 -9
4 -11
-3 -9
5 -11
-4 -9
5 -12
-5 -9
5 -11
-5 -8
5 -12
-4 -8
6 -12
-3 -8
5 -12
-3 -9
5 -11
-3 -8
5 -12
-4 -8
4 -12
-4 -9
4 -11
-3 -9
3 -11
-3 -8
2 -11
-2 -8
1 -11
-3 -8
1 -12
-3 -7
2 -12
-2 -7
1 -12
-2 -6
0 -12
-1 -6
0 -13
0 -6
0 -14
0 -5
-1 -14
1 -5
-2 -14
1 -4
-3 -14
1 -5
-2 -14
1 -4
-2 -15
1 -3
-1 -15
1 -2
0 -15
1 -1
0 -16
1 -2
0 -15
2 -2
0 -14
2 -1
-1 -14
1 -1
-1 -15
1 -2
-1 -14
2 -2
-1 -15
2 -3
-2 -15
2 -2
-2 -16
2 -3
-2 -17
1 -3
-1 -17
2 -3
-1 -16
2 -2
-2 -16
2 -1
-1 -16
2 -2
-1 -15
3 -2
-1 -14
4 -2
-1 -13
3 -2
-1 -14
3 -1
0 -14
2 -1
0 -15
1 -1
0 -16
2 -1
1 -16
3 -1
1 -17
2 -1
0 -17
1 -1
1 -17
0 -1
1 -16
0 -2
0 -16
-1 -2
1 -16
-2 -2
1 -15
-3 -2
1 -16
-3 -3
1 -15
-3 -4
1 -14
-3 -3
1 -13
-2 -3
1 -14
-3 -3
1 -13
-3 -2
0 -13
-3 -3
0 -12
-3 -4
0 -13
-3 -5
-1 -13
-3 -6
-2 -13
-2 -6
-3 -13
-2 -7
-4 -13
-2 -8
-4 -14
-3 -8
-4 -13
-3 -9
-4 -14
-4 -9
-3 -14
-4 -10
-3 -15
-5 -10
-3 -16
-5 -9
-4 -16
-4 -9
-3 -16
-4 -10
-3 -17
-4 -11
-3 -18
-4 -12
-4 -18
-5 -12
-3 -18
-5 -11
-3 -19
-5 -10
-3 -20
-4 -10
-3 -21
-4 -11
-2 -21
-3 -11
-1 -21
-3 -12
-1 -22
-3 -13
-1 -21
-3 -12
-2 -21
-3 -11
-3 -21
-3 -10
-4 -21
-2 -10
-5 -21
-1 -10
-5 -22
-2 -10
-5 -23
-1 -10
-4 -23
-2 -10
-4 -22
-2 -11
-3 -22
-3 -11
-3 -21
-4 -11
-4 -21
-5 -11
-3 -21
-4 -11
-4 -21
-5 -11
-5 -21
-5 -12
-4 -21
-5 -11
-3 -21
-5 -12
-4 -21
-4 -12
-4 -20
-3 -12
-4 -19
-3 -13
-3 -19
-2 -13
-3 -18
-3 -13
-2 -18
-3 -14
-2 -17
-4 -14
-2 -16
-3 -14
-1 -16
-4 -14
-2 -16
-3 -14
-2 -15
-4 -14
-2 -16
-3 -14
-2 -15
-2 -14
-2 -14
-2 -13
-2 -13
-1 -13
-2 -12
-1 -12
-3 -12
-1 -13
-2 -12
0 -13
-1 -12
1 -13
-2 -12
2 -13
-2 -11
2 -14
-2 -10
2 -15
-1 -10
1 -15
-2 -10
0 -15
-3 -10
0 -16
-3 -11
0 -15
-4 -11
0 -16
-4 -12
-1 -16
-3 -12
-1 -17
-3 -13
0 -17
-3 -14
-1 -17
-2 -14
-1 -18
-2 -13
-2 -18
-2 -14
-2 -17
-1 -14
-2 -18
0 -14
-3 -18
1 -14
-2 -18
2 -14
-2 -19
2 -13
-3 -19
3 -13
-4 -19
3 -12
-4 -20
3 -13
-4 -21
4 -13
-4 -22
4 -14
-4 -21
3 -14
-4 -20
2 -14
-5 -20
2 -13
-6 -20
2 -12
-6 -19
2 -13
-5 -19
2 -12
-4 -19
3 -12
-3 -19
3 -13
-4 -19
3 -12
-5 -19
3 -11
-5 -20
3 -10
-5 -19
2 -10
-5 -18
1 -10
-5 -17
2 -10
-4 -17
3 -10
-5 -17
3 -11
-4 -17
3 -12
-4 -18
4 -12
-4 -17
3 -12
-5 -17
4 -12
-6 -17
5 -12
-6 -16
6 -12
-5 -16
6 -13
-4 -16
6 -12
-5 -16
5 -12
-4 -16
6 -12
-5 -16
6 -11
-6 -16
7 -11
-6 -17
6 -11
-5 -17
6 -12
-5 -18
6 -11
-5 -17
7 -11
-5 -16
8 -11
-5 -17
8 -12
-5 -18
8 -11
-5 -19
7 -11
-6 -19
7 -10
-7 -19
7 -9
-7 -18
6 -9
-7 -19
6 -10
-8 -19
7 -10
-8 -18
7 -11
-8 -19
7 -12
-9 -19
7 -11
-9 -18
7 -12
-9 -17
7 -13
-9 -18
7 -12
-8 -18
8 -12
-8 -19
7 -12
-8 -18
8 -12
-8 -17
8 -11
-9 -17
8 -12
-9 -16
7 -12
-8 -16
7 -13
-9 -16
7 -12
-10 -16
7 -11
-10 -17
7 -12
-9 -17
7 -13
-10 -17
6 -13
-10 -18
6 -14
-9 -18
6 -15
-9 -19
7 -15
-9 -18
8 -15
-9 -19
8 -16
-9 -20
9 -16
-8 -20
10 -16
-8 -19
10 -15
-7 -19
10 -16
-8 -19
11 -16
-8 -18
11 -17
-7 -18
11 -18
-7 -17
10 -18
-7 -16
11 -18
-6 -16
11 -19
-5 -16
11 -18
-5 -15
11 -19
-4 -15
12 -19
-3 -15
13 -19
-3 -16
13 -18
-4 -16
13 -19
-3 -16
13 -20
-4 -16
13 -19
-3 -16
13 -20
-4 -16
13 -21
-5 -16
12 -21
-4 -16
13 -21
-4 -15
13 -22
-5 -15
13 -21
-5 -14
12 -21
-5 -15
13 -21
-6 -15
13 -20
-7 -15
14 -20
-6 -15
14 -19
-7 -15
13 -19
-7 -16
13 -20
-7 -15
14 -20
-6 -15
14 -21
-7 -15
13 -21
-7 -16
14 -21
-7 -15
14 -22
-8 -15
15 -22
-7 -15
14 -22
-7 -14
15 -22
-7 -15
15 -23
-8 -15
15 -24
-9 -15
15 -23
-8 -15
16 -23
-8 -14
16 -22
-9 -14
16 -23
-9 -15
16 -24
-9 -16
16 -25
-9 -17
16 -26
-9 -18
16 -27
-8 -18
17 -27
-7 -18
17 -28
-8 -18
17 -29
-9 -18
18 -29
-9 -19
18 -28
-10 -19
19 -28
-9 -19
19 -27
-9 -20
19 -28
-10 -20
19 -29
-10 -19
19 -28
-10 -20
18 -28
-11 -20
18 -27
-11 -21
18 -28
-11 -22
18 -27
-12 -22
17 -27
-12 -21
18 -27
-13 -21
19 -27
-13 -22
19 -28
-14 -22
20 -28
-15 -22
19 -28
-14 -22
20 -28
-14 -23
21 -28
-14 -24
21 -29
-14 -23
22 -29
-15 -23
23 -29
-14 -23
23 -28
-14 -22
23 -29
-14 -21
24 -29
-13 -21
24 -30
-13 -20
24 -31
-13 -19
25 -31
-14 -19
24 -31
-15 -19
25 -31
-14 -19
25 -30
-14 -18
24 -30
-14 -17
24 -31
-15 -17
23 -31
-15 -16
22 -31
-14 -16
23 -31
-13 -16
24 -31
-13 -15
23 -31
-13 -14
24 -31
-13 -15
24 -30
-12 -15
23 -30
-13 -15
23 -29
-12 -15
23 -30
-13 -15
23 -29
-13 -16
22 -29
-13 -15
23 -29
-12 -15
23 -28
-12 -14
22 -28
-13 -14
21 -28
-14 -14
22 -28
-15 -14
22 -27
-16 -14
22 -26
-16 -15
22 -25
-16 -16
21 -25
-15 -16
22 -25
-15 -15
22 -26
-16 -15
22 -25
-17 -15
21 -25
-17 -16
21 -26
-17 -15
20 -26
-16 -15
19 -26
-16 -14
19 -25
-16 -15
19 -26
-15 -15
18 -26
-15 -16
18 -25
-15 -17
18 -24
-15 -18
19 -24
-15 -17
20 -24
-14 -17
20 -23
-13 -17
20 -22
-13 -18
20 -23
-13 -17
21 -23
-13 -16
21 -24
-14 -16
21 -25
-14 -15
21 -26
-15 -15
20 -26
-15 -16
20 -27
-15 -17
20 -26
-14 -17
19 -26
-13 -17
20 -26
-13 -16
20 -27
-13 -15
20 -26
-12 -15
19 -26
-11 -15
19 -27
-10 -15
19 -28
-10 -16
20 -28
-11 -16
20 -27
-10 -16
21 -27
-10 -17
21 -28
-11 -17
21 -29
-11 -18
21 -30
-12 -18
20 -30
-13 -18
19 -30
-13 -17
18 -30
-12 -17
18 -31
-12 -18
18 -32
-12 -17
18 -33
-13 -17
18 -34
-12 -17
18 -33
-13 -17
18 -34
-14 -17
18 -33
-13 -17
18 -32
-14 -17
18 -31
-15 -17
18 -32
-16 -17
19 -32
-17 -17
20 -32
-17 -18
20 -31
-17 -17
20 -30
-17 -16
19 -30
-18 -16
19 -31
-18 -17
18 -31
-18 -16
18 -30
-18 -17
18 -31
-19 -17
18 -32
-18 -17
19 -32
-19 -17
18 -32
-19 -18
18 -31
-18 -18
17 -31
-17 -18
18 -31
-16 -18
17 -31
-16 -19
17 -30
-15 -19
17 -29
-15 -20
18 -29
-16 -20
18 -28
-15 -20
18 -27
-14 -20
17 -27
-14 -21
17 -28
-14 -20
16 -28
-13 -20
15 -28
-13 -19
14 -28
-13 -20
15 -28
-12 -20
14 -28
-13 -20
14 -27
-13 -21
14 -28
-14 -21
15 -28
-13 -21
15 -29
-13 -20
14 -29
-14 -20
14 -30
-15 -20
15 -30
-15 -21
16 -30
-16 -21
16 -31
-17 -21
17 -31
-18 -21
18 -31
-19 -21
18 -32
-19 -22
19 -32
-19 -21
20 -32
-18 -21
20 -33
-18 -20
19 -33
-18 -19
18 -33
-18 -20
19 -33
-18 -19
20 -33
-19 -19
21 -33
-18 -19
22 -33
-19 -19
22 -32
-18 -19
21 -32
-18 -20
21 -31
-18 -21
20 -31
-17 -21
21 -31
-16 -21
21 -30
-16 -20
20 -30
-16 -19
21 -30
-16 -20
20 -30
-16 -21
21 -30
-16 -22
21 -31
-16 -23
20 -31
-15 -23
20 -30
-16 -23
19 -30
-15 -23
18 -30
-15 -24
18 -29
-15 -23
19 -29
-15 -22
20 -29
-14 -22
20 -30
-15 -22
20 -29
-15 -23
21 -29
-15 -22
22 -29
-15 -23
23 -29
-14 -23
24 -29
-14 -24
24 -30
-13 -24
24 -31
-12 -24
25 -31
-12 -25
25 -30
-12 -24
25 -29
-13 -24
25 -28
-14 -24
25 -29
-14 -25
25 -30
-14 -24
24 -30
-13 -24
24 -29
-12 -24
24 -28
-13 -24
24 -29
-13 -23
23 -29
-13 -24
23 -28
-13 -25
24 -28
-13 -26
25 -28
-13 -25
26 -28
-13 -26
26 -29
-12 -26
26 -30
-12 -27
26 -31
-13 -27
27 -31
-13 -28
26 -31
-13 -27
27 -31
-13 -28
28 -31
-13 -27
28 -30
-12 -27
29 -30
-12 -26
28 -30
-12 -27
28 -31
-12 -26
28 -30
-12 -27
29 -30
-12 -28
29 -29
-12 -27
29 -28
-12 -26
29 -27
-12 -27
29 -26
-12 -28
29 -27
-11 -28
28 -27
-11 -27
27 -27
-10 -27
26 -27
-9 -27
26 -26
-8 -27
26 -27
-8 -28
25 -27
-8 -27
26 -27
-7 -27
26 -26
-7 -28
26 -27
-7 -29
26 -28
-7 -28
26 -27
-7 -27
27 -27
-7 -26
26 -27
-7 -27
26 -28
-6 -27
26 -27
-6 -28
25 -27
-7 -28
25 -26
-6 -28
24 -26
-6 -27
24 -25
-5 -27
24 -24
-6 -27
25 -24
-6 -26
25 -23
-5 -26
25 -22
-6 -26
24 -22
-6 -27
23 -22
-6 -26
24 -22
-5 -26
25 -22
-5 -25
26 -22
-6 -25
25 -22
-6 -24
25 -21
-5 -24
25 -22
-5 -23
25 -23
-4 -23
26 -23
-4 -22
27 -23
-4 -23
27 -24
-4 -24
27 -25
-3 -24
27 -24
-3 -23
27 -25
-2 -23
26 -25
-2 -24
27 -25
-1 -24
27 -26
-1 -25
28 -26
-2 -25
27 -26
-3 -25
27 -27
-3 -26
26 -27
-3 -25
27 -27
-3 -26
28 -27
-3 -25
28 -26
-3 -24
27 -26
-3 -25
28 -26
-3 -26
28 -25
-3 -27
28 -26
-3 -28
27 -26
-3 -27
28 -26
-4 -27
27 -26
-4 -26
28 -26
-4 -25
27 -26
-3 -25
27 -25
-2 -25
26 -25
-3 -25
25 -25
-4 -25
24 -25
-4 -26
24 -24
-5 -26
23 -24
-5 -27
23 -25
-5 -26
23 -26
-4 -26
23 -25
-5 -26
24 -25
-5 -27
23 -25
-5 -28
24 -25
-5 -27
25 -25
-5 -26
26 -25
-4 -26
25 -25
-3 -26
25 -26
-3 -25
25 -27
-4 -25
25 -26
-4 -26
25 -27
-4 -25
25 -26
-3 -25
25 -27
-3 -26
24 -27
-4 -26
24 -28
-4 -25
24 -29
-3 -25
24 -30
-3 -26
24 -29
-3 -27
24 -30
-3 -28
23 -30
-4 -28
22 -30
-5 -28
23 -30
-5 -27
23 -31
-6 -27
23 -32
-6 -26
23 -31
-6 -27
23 -30
-6 -28
24 -30
-6 -29
23 -30
-7 -29
23 -31
-6 -29
23 -30
-6 -28
22 -30
-5 -28
22 -29
-5 -29
22 -30
-5 -28
22 -29
-4 -28
22 -28
-3 -28
22 -27
-3 -29
22 -26
-3 -30
22 -27
-3 -29
23 -27
-2 -29
23 -28
-2 -28
23 -29
-2 -29
23 -28
-2 -28
22 -28
-2 -29
22 -29
-1 -29
21 -29
-2 -29
21 -30
-2 -28
21 -31
-2 -27
21 -30
-2 -28
22 -30
-3 -28
22 -31
-3 -29
21 -31
-3 -28
21 -32
-3 -29
21 -33
-4 -29
21 -34
-4 -30
21 -33
-4 -29
20 -33
-5 -29
20 -34
-4 -29
20 -35
-4 -28
20 -36
-4 -27
20 -35
-4 -26
20 -34
-4 -27
19 -34
-4 -26
18 -34
-4 -25
19 -34
-4 -26
20 -34
-4 -25
21 -34
-4 -26
22 -34
-4 -25
22 -35
-4 -26
22 -34
-4 -27
22 -33
-4 -26
21 -33
-4 -27
20 -33
-4 -26
20 -34
-4 -27
20 -35
-4 -28
19 -35
-5 -28
18 -35
-4 -28
18 -34
-5 -28
18 -33
-5 -27
18 -32
-6 -27
18 -31
-6 -26
17 -31
-5 -26
17 -30
-6 -26
18 -30
-7 -26
18 -31
-7 -27
17 -31
-7 -26
17 -30
-8 -26
16 -30
-8 -25
17 -30
-7 -25
18 -30
-8 -25
18 -31
-8 -24
18 -32
-8 -25
18 -33
-8 -26
19 -33
-8 -25
18 -33
-7 -25
19 -33
-7 -24
19 -32
-6 -24
19 -33
-6 -23
19 -32
-6 -24
19 -31
-7 -24
18 -31
-7 -25
18 -30
-7 -24
18 -29
-8 -24
17 -29
-9 -24
18 -29
-10 -24
18 -28
-11 -24
18 -29
-11 -23
18 -30
-11 -22
18 -29
-11 -23
17 -29
-11 -24
17 -28
-12 -24
18 -28
-12 -25
19 -28
-13 -25
18 -28
-13 -26
17 -28
-12 -26
17 -27
-12 -27
18 -27
-12 -28
17 -27
-12 -27
18 -27
-13 -27
18 -26
-12 -27
18 -27
-12 -28
18 -26
-12 -27
17 -26
-12 -28
17 -27
-12 -29
16 -27
-12 -28
16 -28
-11 -28
17 -28
-11 -29
18 -28
-11 -28
17 -28
-10 -28
16 -28
-10 -29
16 -27
-9 -29
15 -27
-9 -28
15 -26
-9 -27
14 -26
-9 -28
14 -25
-8 -28
15 -25
-8 -29
15 -26
-9 -29
14 -26
-10 -29
13 -26
-11 -29
13 -25
-12 -29
14 -25
-12 -28
14 -26
-12 -27
14 -27
-11 -27
14 -26
-11 -28
14 -27
-11 -27
13 -27
-10 -27
13 -28
-9 -27
13 -29
-10 -27
13 -28
-9 -27
13 -29
-9 -28
12 -29
-10 -28
12 -28
-10 -29
12 -29
-9 -29
12 -30
-9 -30
11 -30
-9 -31
10 -30
-8 -31
9 -30
-7 -31
10 -30
-7 -32
11 -30
-6 -32
10 -30
-6 -33
9 -30
-6 -32
8 -30
-6 -31
8 -29
-5 -31
9 -29
-6 -31
8 -29
-6 -32
8 -28
-6 -33
7 -28
-7 -33
7 -27
-6 -33
6 -27
-6 -34
5 -27
-6 -33
4 -27
-6 -34
4 -28
-7 -34
4 -29
-8 -34
3 -29
-8 -35
3 -30
-8 -34
4 -30
-8 -33
3 -30
-9 -33
4 -30
-10 -33
4 -29
-10 -32
5 -29
-10 -31
4 -29
-10 -30
5 -29
-9 -30
5 -28
-10 -30
5 -29
-10 -31
6 -29
-9 -31
5 -29
-9 -32
4 -29
-10 -32
4 -30
-10 -33
4 -31
-11 -33
4 -30
-11 -32
4 -31
-11 -31
5 -31
-11 -30
5 -30
-12 -30
5 -29
-12 -31
6 -29
-12 -30
6 -30
-13 -30
6 -31
-14 -30
7 -31
-14 -31
8 -31
-15 -31
8 -32
-15 -30
8 -33
-15 -29
7 -33
-16 -29
7 -32
-17 -29
8 -32
-18 -29
7 -32
-18 -30
6 -32
-19 -30
6 -31
-19 -31
7 -31
-19 -32
6 -31
-20 -32
7 -31
-19 -32
7 -30
-18 -32
7 -31
-17 -32
8 -31
-17 -33
9 -31
-16 -33
9 -32
-17 -33
9 -31
-18 -33
8 -31
-18 -32
7 -31
-18 -31
8 -31
-17 -31
9 -31
-17 -32
10 -31
-17 -31
10 -30
-17 -30
10 -31
-16 -30
9 -31
-16 -29
10 -31
-16 -28
10 -30
-15 -28
11 -30
-15 -29
10 -30
-16 -29
11 -30
-16 -28
11 -31
-15 -28
10 -31
-15 -29
11 -31
-15 -30
11 -32
-15 -31
11 -31
-15 -32
11 -32
-16 -32
10 -32
-17 -32
11 -32
-17 -33
11 -33
-17 -34
10 -33
-18 -34
11 -33
-18 -33
12 -33
-17 -33
13 -33
-17 -34
12 -33
-17 -35
11 -33
-17 -36
11 -32
-18 -36
11 -31
-19 -36
11 -30
-18 -36
11 -29
-19 -36
11 -28
-18 -36
11 -29
-18 -35
11 -28
-18 -36
10 -28
-18 -35
10 -27
-19 -35
10 -28
-20 -35
11 -28
-20 -36
10 -28
-19 -36
11 -28
-19 -35
11 -27
-18 -35
11 -26
-18 -36
11 -25
-17 -36
11 -26
-18 -36
10 -26
-19 -36
9 -26
-19 -35
8 -26
-18 -35
8 -27
-18 -34
9 -27
-19 -34
8 -27
-20 -34
8 -28
-19 -34
9 -28
-18 -34
10 -28
-19 -34
9 -28
-19 -35
9 -27
-20 -35
9 -26
-20 -36
9 -27
-19 -36
9 -28
-18 -36
10 -28
-19 -36
11 -28
-18 -36
11 -27
-19 -36
10 -27
-20 -36
10 -26
-21 -36
10 -25
-21 -35
11 -25
-21 -36
10 -25
-20 -36
11 -25
-20 -37
10 -25
-19 -37
10 -26
-19 -38
9 -26
-20 -38
9 -25
-21 -38
8 -25
-20 -38
7 -25
-21 -38
7 -24
-20 -38
7 -25
-20 -37
7 -24
-20 -36
7 -25
-20 -37
7 -24
-19 -37
7 -25
-19 -38
7 -26
-19 -39
8 -26
-18 -39
8 -27
-17 -39
8 -28
-17 -38
9 -28
-18 -38
8 -28
-18 -39
7 -28
-17 -39
7 -29
-17 -40
7 -28
-18 -40
6 -28
-17 -40
5 -28
-18 -40
5 -29
-18 -41
5 -30
-17 -41
5 -29
-16 -41
6 -29
-15 -41
6 -28
-16 -41
5 -28
-17 -41
5 -27
-18 -41
5 -26
-19 -41
4 -26
-19 -42
5 -26
-19 -41
6 -26
-19 -42
5 -26
-18 -42
6 -26
-18 -43
7 -26
-17 -43
7 -27
-17 -44
7 -26
-17 -43
8 -26
-18 -43
7 -26
-19 -43
6 -26
-19 -42
6 -25
-19 -41
6 -26
-18 -41
7 -26
-19 -41
6 -26
-19 -40
7 -26
-20 -40
7 -27
-19 -40
6 -27
-19 -41
6 -26
-19 -40
7 -26
-20 -40
7 -27
-21 -40
6 -27
-21 -41
6 -26
-21 -40
6 -27
-21 -39
6 -26
-21 -40
7 -26
-20 -40
7 -27
-21 -40
8 -27
-22 -40
9 -27
-23 -40
8 -27
-22 -40
8 -26
-21 -40
7 -26
-21 -41
8 -26
-22 -41
8 -25
-23 -41
8 -26
-23 -42
9 -26
-22 -42
8 -26
-22 -41
8 -27
-23 -41
9 -27
-23 -42
8 -27
-23 -43
8 -28
-23 -44
7 -28
-22 -44
7 -27
-21 -44
8 -27
-22 -44
8 -28
-21 -44
9 -28
-21 -45
8 -28
-21 -44
9 -28
-22 -44
8 -28
-22 -45
9 -28
-22 -44
8 -28
-21 -44
8 -27
-21 -45
9 -27
-22 -45
9 -26
-21 -45
8 -26
-21 -44
8 -25
-22 -44
8 -26
-21 -44
8 -25
-20 -44
7 -25
-20 -43
7 -24
-20 -44
7 -23
-21 -44
6 -23
-20 -44
5 -23
-19 -44
6 -23
-19 -43
7 -23
-19 -44
7 -22
-20 -44
7 -21
-20 -45
7 -20
-20 -46
7 -21
-21 -46
8 -21
-22 -46
8 -20
-21 -46
8 -21
-21 -47
8 -20
-20 -47
8 -21
-20 -46
8 -22
-20 -47
8 -23
-20 -46
7 -23
-19 -46
8 -23
-19 -45
9 -23
-20 -45
9 -22
-21 -45
9 -21
-22 -45
10 -21
-22 -44
9 -21
-23 -44
9 -22
-23 -43
9 -23
-24 -43
9 -22
-24 -44
10 -22
-25 -44
11 -22
-25 -43
11 -23
-26 -43
11 -24
-25 -43
12 -24
-25 -42
13 -24
-24 -42
13 -23
-24 -43
13 -22
-24 -44
13 -23
-23 -44
14 -23
-24 -44
14 -24
-24 -45
15 -24
-25 -45
15 -25
-25 -44
15 -24
-26 -44
14 -24
-26 -43
14 -25
-26 -42
13 -25
-25 -42
13 -24
-25 -43
12 -24
-26 -43
13 -24
-26 -42
14 -24
-27 -42
14 -23
-26 -42
15 -23
-27 -42
15 -24
-26 -42
16 -24
-26 -43
15 -24
-27 -43
14 -24
-27 -44
14 -23
-27 -43
14 -24
-27 -44
13 -24
-26 -44
13 -23
-26 -43
13 -24
-25 -43
14 -24
-24 -43
13 -24
-23 -43
12 -24
-22 -43
11 -24
-23 -43
11 -25
-23 -42
10 -25
-24 -42
9 -25
-24 -43
9 -24
-25 -43
9 -23
-25 -42
10 -23
-26 -42
10 -24
-26 -41
11 -24
-26 -42
11 -23
-26 -41
11 -24
-26 -42
10 -24
-26 -43
10 -23
-27 -43
11 -23
-26 -43
11 -24
-26 -44
11 -23
-27 -44
11 -22
-27 -45
10 -22
-26 -45
10 -21
-26 -46
11 -21
-25 -46
11 -22
-25 -45
11 -23
-24 -45
11 -24
-25 -45
11 -23
-25 -44
11 -24
-25 -45
12 -24
-26 -45
13 -24
-26 -44
13 -25
-27 -44
12 -25
-26 -44
12 -26
-26 -43
11 -26
-25 -43
11 -27
-25 -42
12 -27
-24 -42
12 -28
-23 -42
12 -29
-23 -43
12 -30
-24 -43
12 -29
-23 -43
11 -29
-22 -43
10 -29
-22 -42
10 -28
-21 -42
10 -27
-21 -43
10 -28
-21 -42
11 -28
-20 -42
11 -29
-20 -41
12 -29
-20 -40
11 -29
-20 -39
11 -28
-21 -39
12 -28
-22 -39
13 -28
-21 -39
12 -28
-22 -39
13 -28
-22 -38
13 -27
-22 -37
14 -27
-23 -37
14 -26
-23 -38
14 -25
-23 -39
15 -25
-24 -39
14 -25
-25 -39
15 -25
-26 -39
14 -25
-26 -38
14 -26
-26 -37
14 -27
-26 -38
15 -27
-26 -39
16 -27
-25 -39
15 -27
-25 -38
16 -27
-24 -38
17 -27
-25 -38
17 -28
-25 -37
18 -28
-25 -38
17 -28
-25 -39
18 -28
-26 -39
19 -28
-27 -39
19 -29
-27 -38
19 -30
-28 -38
20 -30
-28 -39
20 -29
-28 -38
21 -29
-27 -38
21 -30
-28 -38
20 -30
-27 -38
20 -31
-26 -38
20 -32
-27 -38
20 -33
-28 -38
20 -34
-29 -38
20 -33
-29 -37
19 -33
-28 -37
18 -33
-27 -37
18 -34
-27 -36
18 -33
-28 -36
19 -33
-27 -36
19 -34
-28 -36
19 -33
-28 -37
18 -33
-28 -38
19 -33
-28 -39
18 -33
-27 -39
17 -33
-27 -40
16 -33
-27 -41
17 -33
-27 -40
16 -33
-28 -40
17 -33
-28 -41
18 -33
-28 -42
18 -34
-28 -41
18 -33
-29 -41
19 -33
-28 -41
19 -32
-28 -40
19 -31
-29 -40
20 -31
-29 -39
20 -30
-28 -39
20 -29
-28 -40
21 -29
-28 -41
22 -29
-27 -41
23 -29
-27 -40
23 -30
-27 -39
23 -31
-26 -39
22 -31
-26 -40
22 -30
-26 -39
21 -30
-25 -39
20 -30
-25 -40
21 -30
-25 -39
21 -29
-25 -40
21 -28
-25 -41
20 -28
-25 -40
19 -28
-25 -39
19 -27
-24 -39
18 -27
-25 -39
18 -28
-26 -39
18 -27
-27 -39
18 -26
-28 -39
19 -26
-28 -38
18 -26
-27 -38
19 -26
-28 -38
18 -26
-27 -38
18 -25
-26 -38
19 -25
-26 -37
20 -25
-26 -36
20 -24
-25 -36
19 -24
-25 -37
20 -24
-26 -37
21 -24
-26 -38
20 -24
-25 -38
19 -24
-24 -38
20 -24
-25 -38
19 -24
-26 -38
20 -24
-25 -38
21 -24
-24 -38
21 -25
-24 -39
22 -25
-23 -39
23 -25
-23 -38
24 -25
-22 -38
24 -24
-22 -39
23 -24
-22 -38
24 -24
-22 -39
24 -23
-22 -38
24 -22
-22 -39
23 -22
-23 -39
23 -23
-23 -40
24 -23
-22 -40
23 -23
-23 -40
22 -23
-23 -39
21 -23
-24 -39
20 -23
-23 -39
21 -23
-22 -39
22 -23
-21 -39
22 -22
-20 -39
22 -23
-20 -40
21 -23
-20 -39
21 -24
-20 -38
20 -24
-19 -38
20 -23
-20 -38
20 -24
-20 -37
21 -24
-20 -36
21 -25
-19 -36
20 -25
-19 -37
21 -25
-19 -38
21 -26
-19 -39
20 -26
-18 -39
21 -26
-17 -39
21 -25
-17 -40
21 -24
-17 -39
21 -23
-17 -40
20 -23
-18 -40
19 -23
-19 -40
20 -23
-18 -40
20 -22
-18 -39
19 -22
-18 -40
19 -23
-19 -40
19 -22
-20 -40
19 -21
-20 -39
20 -21
-20 -38
19 -21
-19 -38
19 -22
-20 -38
19 -21
-21 -38
18 -21
-22 -38
19 -21
-21 -38
18 -21
-20 -38
19 -21
-20 -39
18 -21
-20 -38
17 -21
-19 -38
17 -20
-20 -38
17 -21
-20 -39
17 -22
-21 -39
17 -21
-22 -39
18 -21
-21 -39
17 -21
-20 -39
16 -21
-21 -39
16 -22
-20 -39
16 -21
-20 -38
16 -20
-19 -38
16 -19
-19 -37
15 -19
-20 -37
15 -20
-21 -37
15 -21
-21 -36
16 -21
-21 -35
16 -20
-21 -36
16 -19
-20 -36
17 -19
-21 -36
16 -19
-21 -35
16 -20
-21 -36
17 -20
-22 -36
17 -21
-21 -36
17 -20
-21 -37
18 -20
-20 -37
18 -19
-21 -37
18 -20
-20 -37
18 -21
-19 -37
18 -20
-19 -36
19 -20
-19 -35
19 -21
-18 -35
19 -20
-18 -36
19 -21
-18 -37
18 -21
-17 -37
18 -22
-17 -36
18 -23
-17 -35
18 -22
-18 -35
19 -22
-19 -35
19 -23
-19 -36
20 -23
-19 -37
20 -24
-19 -36
21 -24
-18 -36
22 -24
-19 -36
23 -24
-19 -37
22 -24
-19 -36
23 -24
-20 -36
23 -25
-21 -36
23 -26
-21 -35
22 -26
-20 -35
21 -26
-21 -35
20 -26
-20 -35
20 -25
-20 -36
21 -25
-20 -35
21 -26
-21 -35
20 -26
-22 -35
20 -25
-21 -35
20 -24
-20 -35
20 -23
-19 -35
20 -24
-19 -34
20 -25
-20 -34
19 -25
-19 -34
18 -25
-19 -35
18 -26
-19 -36
17 -26
-20 -36
17 -27
-20 -35
17 -26
-21 -35
18 -26
-22 -35
18 -27
-21 -35
18 -26
-20 -35
19 -26
-19 -35
18 -26
-19 -36
18 -27
-18 -36
19 -27
-19 -36
19 -28
-18 -36
20 -28
-18 -37
20 -27
-19 -37
20 -28
-19 -38
21 -28
-18 -38
21 -29
-18 -39
20 -29
-19 -39
20 -28
-19 -40
20 -27
-19 -41
19 -27
-20 -41
20 -27
-21 -41
20 -26
-21 -42
19 -26
-21 -43
19 -27
-20 -43
20 -27
-19 -43
20 -28
-19 -44
19 -28
-18 -44
20 -28
-17 -44
21 -28
-17 -43
21 -29
-17 -44
22 -29
-17 -45
22 -28
-18 -45
23 -28
-18 -46
23 -29
-17 -46
23 -30
-17 -45
23 -31
-18 -45
23 -32
-18 -44
24 -32
-19 -44
24 -33
-20 -44
24 -32
-20 -43
24 -31
-20 -42
24 -30
-19 -42
24 -31
-19 -43
23 -31
-18 -43
22 -31
-19 -43
22 -32
-19 -44
22 -33
-19 -43
21 -33
-19 -44
22 -33
-20 -44
22 -32
-21 -44
22 -33
-21 -45
23 -33
-22 -45
23 -32
-22 -44
23 -31
-22 -45
23 -32
-22 -44
22 -32
-21 -44
22 -31
-21 -43
22 -30
-21 -42
21 -30
-21 -41
22 -30
-22 -41
22 -29
-23 -41
23 -29
-23 -42
23 -28
-24 -42
23 -29
-24 -41
23 -30
-25 -41
22 -30
-25 -40
22 -31
-26 -40
21 -31
-26 -39
21 -30
-27 -39
22 -30
-26 -39
22 -29
-27 -39
22 -30
-27 -38
22 -29
-26 -38
23 -29
-25 -38
23 -30
-25 -39
22 -30
-25 -40
22 -31
-25 -41
21 -31
-24 -41
21 -32
-25 -41
20 -32
-24 -41
21 -32
-25 -41
21 -31
-25 -42
21 -32
-25 -43
21 -31
-26 -43
20 -31
-26 -42
20 -30
-27 -42
19 -30
-26 -42
20 -30
-25 -42
20 -29
-26 -42
21 -29
-25 -42
22 -29
-25 -43
22 -28
-25 -42
23 -28
-26 -42
24 -28
-25 -42
23 -28
-26 -42
24 -28
-25 -42
23 -28
-25 -43
23 -27
-25 -44
24 -27
-24 -44
25 -27
-23 -44
26 -27
-22 -44
25 -27
-21 -44
26 -27
-20 -44
25 -27
-20 -45
25 -26
-21 -45
24 -26
-21 -46
24 -27
-21 -47
24 -26
-20 -47
24 -27
-21 -47
25 -27
-20 -47
25 -28
-20 -46
24 -28
-19 -46
24 -29
-19 -47
23 -29
-18 -47
22 -29
-18 -46
22 -28
-18 -45
22 -27
-18 -46
22 -26
-19 -46
21 -26
-19 -45
20 -26
-19 -46
20 -25
-19 -47
20 -26
-18 -47
19 -26
-19 -47
19 -25
-19 -46
20 -25
-19 -47
19 -25
-19 -46
19 -26
-19 -47
19 -27
-19 -46
19 -28
-18 -46
20 -28
-18 -47
21 -28
-18 -46
22 -28
-17 -46
22 -29
-16 -46
22 -28
-16 -45
23 -28
-17 -45
22 -28
-17 -46
22 -27
-18 -46
23 -27
-18 -47
22 -27
-17 -47
22 -28
-17 -48
21 -28
-17 -47
21 -29
-17 -46
21 -30
-17 -47
22 -30
-18 -47
22 -31
-17 -47
21 -31
-18 -47
21 -32
-18 -48
21 -31
-18 -49
22 -31
-17 -49
22 -32
-17 -48
23 -32
-16 -48
23 -33
-17 -48
23 -32
-17 -47
23 -31
-16 -47
23 -30
-15 -47
22 -30
-16 -47
22 -31
-17 -47
23 -31
-17 -46
24 -31
-18 -46
25 -31
-18 -47
26 -31
-17 -47
27 -31
-17 -48
27 -32
-17 -49
26 -32
-17 -50
25 -32
-17 -51
25 -33
-18 -51
25 -32
-17 -51
26 -32
-17 -50
26 -33
-18 -50
26 -34
-17 -50
26 -33
-18 -50
26 -32
-18 -49
26 -31
-18 -48
26 -30
-18 -49
27 -30
-19 -49
28 -30
-19 -50
29 -30
-20 -50
30 -30
-20 -51
30 -29
-20 -52
30 -28
-20 -53
29 -28
-20 -54
29 -27
-20 -55
29 -28
-20 -54
29 -29
-19 -54
29 -30
-19 -55
29 -31
-19 -56
28 -31
-18 -56
28 -32
-18 -57
27 -32
-19 -57
26 -32
-19 -58
26 -33
-20 -58
26 -34
-21 -58
25 -34
-20 -58
25 -33
-21 -58
25 -32
-20 -58
25 -31
-20 -57
25 -32
-20 -56
24 -32
-21 -56
25 -32
-21 -55
24 -32
-21 -56
25 -32
-22 -56
25 -31
-21 -56
24 -31
-21 -57
23 -31
-21 -58
22 -31
-20 -58
21 -31
-21 -58
22 -31
-21 -59
22 -30
-22 -59
21 -30
-22 -58
20 -30
-21 -58
19 -30
-21 -59
19 -31
-20 -59
19 -32
-21 -59
18 -32
-21 -58
18 -33
-20 -58
19 -33
-20 -57
19 -34
-21 -57
20 -34
-22 -57
20 -35
-21 -57
20 -34
-20 -57
21 -34
-20 -56
21 -33
-19 -56
20 -33
-18 -56
20 -34
-18 -55
19 -34
-18 -54
18 -34
-18 -55
18 -35
-18 -56
18 -34
-17 -56
18 -33
-16 -56
18 -32
-17 -56
17 -32
-18 -56
16 -32
-17 -56
16 -33
-17 -57
17 -33
-17 -56
17 -34
-17 -55
17 -35
-18 -55
17 -34
-18 -54
17 -33
-19 -54
17 -34
-19 -55
18 -34
-18 -55
17 -34
-17 -55
17 -33
-17 -54
16 -33
-18 -54
16 -34
-19 -54
16 -33
-20 -54
16 -32
-20 -53
17 -32
-19 -53
18 -32
-19 -54
18 -31
-19 -55
17 -31
-20 -55
17 -30
-20 -54
17 -29
-21 -54
17 -30
-22 -54
17 -31
-23 -54
17 -30
-24 -54
18 -30
-24 -53
18 -31
-25 -53
18 -32
-24 -53
17 -32
-24 -54
17 -31
-24 -55
17 -32
-24 -54
17 -31
-24 -55
17 -30
-24 -54
17 -31
-24 -53
17 -30
-25 -53
17 -31
-25 -54
16 -31
-24 -54
16 -30
-25 -54
17 -30
-26 -54
17 -31
-26 -55
17 -30
-27 -55
17 -29
-27 -56
17 -28
-28 -56
16 -28
-28 -55
17 -28
-29 -55
16 -28
-29 -56
16 -29
-29 -57
17 -29
-29 -56
17 -28
-30 -56
17 -27
-30 -55
17 -26
-31 -55
17 -25
-31 -56
18 -25
-31 -55
19 -25
-31 -54
19 -26
-31 -55
20 -26
-32 -55
19 -26
-33 -55
19 -25
-33 -56
18 -25
-33 -57
19 -25
-33 -58
19 -26
-32 -58
19 -27
-33 -58
20 -27
-33 -59
20 -26
-33 -60
19 -26
-33 -61
19 -25
-32 -61
19 -26
-32 -60
20 -26
-31 -60
21 -26
-31 -61
21 -25
-31 -62
20 -25
-30 -62
20 -24
-30 -63
19 -24
-31 -63
20 -24
-31 -62
20 -25
-31 -63
21 -25
-31 -64
22 -25
-31 -65
23 -25
-31 -66
23 -24
-32 -66
23 -23
-31 -66
23 -24
-31 -65
23 -23
-32 -65
23 -22
-31 -65
23 -21
-31 -64
23 -20
-31 -63
23 -21
-31 -64
24 -21
-31 -63
24 -20
-30 -63
23 -20
-30 -62
24 -20
-30 -63
24 -21
-30 -62
25 -21
-29 -62
25 -20
-29 -61
25 -21
-28 -61
26 -21
-29 -61
25 -21
-30 -61
24 -21
-30 -60
25 -21
-31 -60
26 -21
-31 -61
25 -21
-30 -61
25 -20
-31 -61
25 -21
-32 -61
25 -22
-32 -62
25 -21
-31 -62
25 -20
-31 -61
26 -20
-32 -61
25 -20
-32 -60
26 -20
-33 -60
26 -21
-32 -60
26 -22
-32 -59
27 -22
-32 -58
27 -21
-33 -58
27 -20
-32 -58
28 -20
-31 -58
27 -20
-30 -58
28 -20
-31 -58
28 -21
-31 -57
28 -22
-32 -57
28 -23
-32 -56
27 -23
-32 -57
26 -23
-32 -58
26 -24
-32 -57
26 -25
-32 -56
25 -25
-33 -56
25 -24
-34 -56
25 -25
-34 -57
25 -26
-33 -57
26 -26
-32 -57
25 -26
-32 -58
25 -27
-33 -58
25 -26
-33 -57
26 -26
-32 -57
26 -25
-31 -57
26 -24
-30 -57
25 -24
-31 -57
25 -25
-31 -56
24 -25
-30 -56
25 -25
-30 -57
26 -25
-30 -58
26 -24
-30 -59
26 -23
-30 -58
27 -23
-31 -58
26 -23
-30 -58
26 -24
-30 -59
26 -23
-30 -60
27 -23
-30 -61
27 -22
-31 -61
27 -23
-30 -61
26 -23
-30 -60
25 -23
-29 -60
25 -22
-29 -59
24 -22
-29 -58
25 -22
-29 -59
26 -22
-29 -58
25 -22
-28 -58
24 -22
-29 -58
23 -22
-29 -59
24 -22
-29 -58
23 -22
-29 -57
22 -22
-29 -56
23 -22
-29 -55
24 -22
-29 -54
25 -22
-29 -53
25 -21
-29 -54
25 -20
-30 -54
24 -20
-30 -53
24 -19
-30 -54
24 -18
-30 -53
23 -18
-30 -52
22 -18
-29 -52
23 -18
-30 -52
23 -17
-29 -52
23 -18
-28 -52
24 -18
-28 -51
24 -17
-29 -51
25 -17
-29 -50
25 -16
-29 -49
24 -16
-30 -49
23 -16
-31 -49
23 -17
-31 -48
24 -17
-31 -47
24 -18
-32 -47
24 -17
-32 -48
24 -18
-31 -48
24 -17
-32 -48
23 -17
-33 -48
23 -18
-34 -48
24 -18
-35 -48
23 -18
-35 -49
22 -18
-34 -49
22 -19
-34 -50
23 -19
-33 -50
24 -19
-33 -51
25 -19
-34 -51
26 -19
-33 -51
27 -19
-34 -51
28 -19
-33 -51
28 -20
-34 -51
27 -20
-35 -51
27 -21
-35 -52
28 -21
-36 -52
29 -21
-36 -51
29 -22
-35 -51
29 -23
-36 -51
29 -22
-35 -51
30 -22
-36 -51
30 -21
-35 -51
29 -21
-34 -51
28 -21
-34 -52
27 -21
-33 -52
27 -20
-33 -53
27 -19
-32 -53
27 -18
-32 -54
28 -18
-32 -53
28 -19
-33 -53
27 -19
-32 -53
26 -19
-33 -53
26 -18
-34 -53
27 -18
-33 -53
27 -19
-32 -53
27 -18
-31 -53
26 -18
-30 -53
26 -17
-29 -53
27 -17
-30 -53
28 -17
-29 -53
27 -17
-29 -52
26 -17
-29 -53
26 -16
-28 -53
25 -16
-28 -54
25 -15
-28 -53
24 -15
-27 -53
23 -15
-27 -54
24 -15
-28 -54
24 -14
-28 -53
25 -14
-28 -52
25 -15
-28 -51
25 -14
-29 -51
26 -14
-29 -52
26 -13
-30 -52
26 -14
-30 -51
25 -14
-30 -50
25 -15
-31 -50
25 -16
-31 -49
25 -15
-31 -48
25 -14
-31 -47
25 -15
-31 -46
24 -15
-32 -46
24 -14
-31 -46
24 -13
-31 -45
24 -12
-32 -45
24 -11
-32 -46
25 -11
-33 -46
26 -11
-33 -45
26 -10
-34 -45
25 -10
-35 -45
26 -10
-36 -45
25 -10
-37 -45
24 -10
-38 -45
24 -9
-38 -44
25 -9
-38 -45
25 -8
-38 -46
25 -9
-38 -47
25 -10
-37 -47
25 -11
-38 -47
26 -11
-37 -47
26 -12
-37 -48
25 -12
-37 -47
26 -12
-37 -46
26 -13
-37 -45
27 -13
-37 -46
26 -13
-37 -45
26 -14
-37 -46
26 -13
-37 -47
25 -13
-38 -47
26 -13
-39 -47
25 -13
-39 -48
26 -13
-39 -49
26 -12
-39 -50
27 -12
-39 -49
27 -11
-38 -49
26 -11
-37 -49
25 -11
-37 -48
24 -11
-37 -49
24 -10
-36 -49
24 -11
-35 -49
23 -11
-35 -50
23 -12
-34 -50
22 -12
-33 -50
23 -12
-32 -50
22 -12
-33 -50
23 -12
-33 -49
23 -13
-33 -50
22 -13
-32 -50
22 -14
-31 -50
23 -14
-31 -51
22 -14
-31 -50
22 -15
-30 -50
23 -15
-29 -50
23 -16
-30 -50
23 -17
-29 -50
23 -18
-28 -50
23 -19
-27 -50
23 -18
-27 -51
23 -19
-28 -51
22 -19
-27 -51
22 -18
-27 -50
22 -19
-27 -51
21 -19
-27 -52
20 -19
-27 -51
20 -20
-27 -50
19 -20
-27 -51
18 -20
-27 -52
19 -20
-27 -53
19 -21
-28 -53
20 -21
-28 -52
19 -21
-28 -51
18 -21
-28 -52
18 -22
-29 -52
18 -23
-29 -51
17 -23
-29 -50
17 -24
-29 -49
17 -23
-28 -49
16 -23
-29 -49
17 -23
-29 -48
18 -23
-28 -48
17 -23
-28 -47
17 -24
-27 -47
17 -25
-27 -48
17 -24
-27 -47
17 -25
-28 -47
16 -25
-28 -46
16 -24
-27 -46
15 -24
-28 -46
16 -24
-28 -47
16 -23
-28 -46
15 -23
-27 -46
14 -23
-26 -46
13 -23
-26 -47
13 -22
-26 -46
12 -22
-26 -47
12 -21
-26 -48
13 -21
-26 -47
14 -21
-26 -46
15 -21
-26 -45
16 -21
-26 -46
15 -21
-26 -45
14 -21
-26 -46
15 -21
-26 -45
15 -22
-26 -44
15 -21
-25 -44
15 -22
-26 -44
16 -22
-26 -45
16 -23
-26 -46
15 -23
-26 -45
15 -24
-27 -45
15 -25
-27 -44
15 -26
-26 -44
14 -26
-27 -44
14 -27
-27 -43
15 -27
-28 -43
14 -27
-28 -42
14 -26
-27 -42
13 -26
-27 -41
12 -26
-28 -41
12 -27
-28 -40
12 -28
-28 -39
13 -28
-28 -40
12 -28
-27 -40
12 -27
-26 -40
12 -28
-25 -40
11 -28
-24 -40
10 -28
-24 -41
11 -28
-24 -40
10 -28
-24 -41
9 -28
-24 -42
10 -28
-24 -41
9 -28
-24 -40
9 -27
-24 -39
10 -27
-24 -38
10 -28
-25 -38
9 -28
-24 -38
8 -28
-25 -38
9 -28
-26 -38
10 -28
-26 -39
10 -29
-25 -39
10 -30
-25 -38
9 -30
-24 -38
9 -31
-24 -37
10 -31
-25 -37
10 -32
-25 -36
10 -33
-26 -36
10 -34
-25 -36
9 -34
-24 -36
8 -34
-25 -36
8 -35
-24 -36
8 -36
-25 -36
8 -37
-25 -37
9 -37
-26 -37
8 -37
-26 -38
9 -37
-25 -38
9 -38
-24 -38
9 -37
-25 -38
8 -37
-26 -38
9 -37
-26 -39
9 -38
-25 -39
10 -38
-25 -40
10 -39
-25 -41
11 -39
-25 -40
11 -38
-25 -41
11 -39
-25 -40
11 -40
-25 -39
11 -39
-26 -39
11 -38
-26 -38
10 -38
-25 -38
10 -39
-25 -37
10 -38
-26 -37
11 -38
-26 -38
12 -38
-25 -38
12 -37
-25 -37
13 -37
-25 -36
14 -37
-25 -35
15 -37
-25 -36
16 -37
-24 -36
15 -37
-24 -35
16 -37
-23 -35
15 -37
-22 -35
16 -37
-22 -34
15 -37
-23 -34
16 -37
-22 -34
15 -37
-22 -33
16 -37
-22 -34
15 -37
-23 -34
14 -37
-24 -34
13 -37
-25 -34
12 -37
-25 -33
12 -38
-25 -32
12 -39
-26 -32
12 -40
-26 -31
11 -40
-26 -32
11 -39
-26 -31
12 -39
-26 -30
11 -39
-25 -30
10 -39
-26 -30
10 -40
-27 -30
10 -39
-26 -30
10 -40
-26 -29
11 -40
-26 -30
11 -39
-26 -31
11 -40
-27 -31
10 -40
-27 -30
10 -39
-27 -31
10 -40
-27 -30
11 -40
-26 -30
12 -40
-25 -30
12 -39
-26 -30
13 -39
-26 -31
12 -39
-26 -30
12 -40
-27 -30
13 -40
-27 -31
12 -40
-27 -32
12 -41
-28 -32
12 -40
-27 -32
13 -40
-27 -33
13 -39
-27 -34
13 -40
-26 -34
13 -41
-26 -35
14 -41
-27 -35
14 -42
-27 -36
13 -42
-28 -36
13 -41
-27 -36
13 -42
-26 -36
14 -42
-27 -36
14 -43
-27 -37
15 -43
-26 -37
16 -43
-26 -38
16 -44
-26 -37
15 -44
-27 -37
14 -44
-28 -37
14 -45
-28 -38
14 -44
-27 -38
14 -45
-28 -38
13 -45
-29 -38
12 -45
-29 -37
12 -44
-28 -37
12 -43
-28 -36
12 -44
-28 -35
13 -44
-29 -35
12 -44
-29 -34
11 -44
-29 -35
11 -43
-28 -35
11 -44
-28 -34
12 -44
-28 -33
12 -43
-29 -33
12 -44
-30 -33
13 -44
-30 -34
13 -45
-30 -35
13 -44
-29 -35
13 -43
-30 -35
14 -43
-30 -36
14 -44
-30 -37
13 -44
-30 -38
12 -44
-30 -37
12 -43
-29 -37
12 -44
-29 -36
11 -44
-30 -36
11 -45
-29 -36
12 -45
-30 -36
13 -45
-30 -37
12 -45
-30 -38
11 -45
-29 -38
11 -44
-29 -37
10 -44
-29 -38
10 -45
-29 -39
11 -45
-29 -38
12 -45
-29 -39
12 -46
-28 -39
11 -46
-27 -39
10 -46
-28 -39
9 -46
-28 -38
9 -45
-28 -39
9 -46
-29 -39
9 -47
-29 -38
8 -47
-29 -39
7 -47
-28 -39
7 -48
-29 -39
8 -48
-28 -39
7 -48
-29 -39
7 -49
-28 -39
6 -49
-28 -38
6 -50
-28 -39
6 -49
-27 -39
6 -48
-28 -39
6 -47
-27 -39
6 -46
-27 -38
6 -45
-28 -38
5 -45
-29 -38
5 -46
-28 -38
5 -47
-28 -39
5 -46
-29 -39
5 -45
-30 -39
4 -45
-29 -39
4 -44
-28 -39
4 -43
-29 -39
4 -44
-29 -40
5 -44
-29 -41
6 -44
-30 -41
6 -45
-31 -41
5 -45
-31 -40
6 -45
-32 -40
6 -44
-31 -40
6 -43
-31 -39
5 -43
-31 -40
5 -44
-31 -39
5 -45
-31 -38
5 -44
-30 -38
6 -44
-29 -38
7 -44
-29 -39
7 -45
-29 -38
8 -45
-30 -38
8 -44
-30 -37
8 -45
-30 -38
9 -45
-31 -38
10 -45
-31 -37
9 -45
-31 -38
9 -44
-31 -39
10 -44
-31 -40
9 -44
-31 -41
9 -45
-30 -41
9 -46
-29 -41
8 -46
-30 -41
7 -46
-30 -42
8 -46
-30 -43
7 -46
-30 -44
8 -46
-30 -43
9 -46
-31 -43
9 -47
-31 -42
9 -46
-30 -42
8 -46
-30 -43
9 -46
-30 -44
8 -46
-30 -43
8 -47
-30 -42
9 -47
-29 -42
9 -46
-29 -41
8 -46
-29 -42
8 -45
-28 -42
8 -44
-28 -41
9 -44
-28 -42
9 -45
-27 -42
10 -45
-27 -43
10 -46
-27 -42
11 -46
-28 -42
11 -45
-28 -43
11 -46
-28 -42
11 -47
-28 -43
10 -47
-29 -43
10 -46
-28 -43
10 -47
-28 -44
11 -47
-28 -43
11 -48
-29 -43
11 -49
-28 -43
10 -49
-28 -44
10 -50
-27 -44
9 -50
-27 -45
8 -50
-27 -46
8 -51
-27 -47
8 -52
-27 -48
9 -52
-27 -47
9 -51
-27 -48
9 -50
-27 -49
10 -50
-28 -49
10 -51
-27 -49
11 -51
-26 -49
11 -50
-26 -50
11 -51
-27 -50
12 -51
-27 -51
13 -51
-27 -50
13 -50
-27 -49
13 -49
-28 -49
13 -48
-27 -49
14 -48
-28 -49
15 -48
-28 -48
15 -49
-28 -47
15 -48
-28 -46
16 -48
-28 -47
15 -48
-28 -46
15 -47
-29 -46
14 -47
-29 -45
14 -46
-29 -46
13 -46
-29 -47
13 -47
-30 -47
14 -47
-30 -48
14 -48
-30 -49
13 -48
-30 -48
14 -48
-29 -48
13 -48
-28 -48
12 -48
-28 -47
13 -48
-27 -47
13 -47
-26 -47
12 -47
-26 -46
11 -47
-25 -46
11 -48
-26 -46
11 -49
-27 -46
10 -49
-26 -46
9 -49
-27 -46
9 -50
-26 -46
8 -50
-26 -47
8 -49
-26 -48
7 -49
-25 -48
8 -49
-26 -48
8 -48
-25 -48
8 -49
-24 -48
7 -49
-25 -48
7 -50
-25 -47
6 -50
-25 -48
7 -50
-25 -49
6 -50
-25 -48
5 -50
-25 -49
5 -51
-25 -48
5 -52
-25 -47
5 -53
-25 -46
6 -53
-25 -47
6 -54
-25 -48
6 -53
-25 -47
7 -53
-25 -48
8 -53
-25 -47
7 -53
-25 -48
7 -54
-25 -47
8 -54
-25 -48
8 -53
-25 -49
8 -52
-26 -49
9 -52
-26 -50
10 -52
-26 -49
11 -52
-25 -49
11 -53
-25 -50
12 -53
-24 -50
11 -53
-24 -49
11 -52
-25 -49
11 -53
-26 -49
10 -53
-25 -49
10 -52
-25 -50
10 -53
-26 -50
11 -53
-27 -50
12 -53
-28 -50
11 -53
-28 -49
11 -54
-29 -49
11 -55
-28 -49
11 -56
-29 -49
10 -56
-29 -50
10 -57
-28 -50
9 -57
-27 -50
10 -57
-28 -50
10 -56
-28 -51
9 -56
-28 -52
10 -56
-27 -52
10 -57
-27 -51
11 -57
-27 -52
11 -58
-27 -53
11 -57
-27 -54
11 -56
-28 -54
10 -56
-28 -53
11 -56
-29 -53
11 -57
-30 -53
12 -57
-30 -52
12 -58
-30 -53
12 -57
-29 -53
12 -58
-29 -52
11 -58
-29 -53
10 -58
-29 -52
11 -58
-28 -52
11 -59
-29 -52
11 -60
-28 -52
10 -60
-28 -53
11 -60
-29 -53
11 -61
-28 -53
12 -61
-28 -52
11 -61
-29 -52
10 -61
-29 -53
10 -60
-30 -53
11 -60
-31 -53
10 -60
-30 -53
10 -61
-29 -53
10 -60
-28 -53
10 -59
-28 -52
9 -59
-28 -53
8 -59
-27 -53
9 -59
-27 -52
8 -59
-26 -52
8 -58
-25 -52
8 -57
-24 -52
7 -57
-25 -52
6 -57
-25 -51
5 -57
-26 -51
5 -56
-27 -51
4 -56
-27 -50
5 -56
-27 -49
5 -57
-26 -49
6 -57
-25 -49
5 -57
-25 -50
5 -58
-25 -51
6 -58
-24 -51
5 -58
-25 -51
4 -58
-26 -51
4 -59
-25 -51
5 -59
-24 -51
6 -59
-23 -51
7 -59
-22 -51
7 -58
-23 -51
7 -57
-23 -52
6 -57
-23 -51
7 -57
-23 -52
6 -57
-22 -52
6 -58
-22 -53
5 -58
-21 -53
4 -58
-20 -53
4 -59
-19 -53
5 -59
-19 -52
6 -59
-18 -52
6 -58
-17 -52
6 -59
-17 -53
6 -58
-17 -52
7 -58
-18 -52
6 -58
-18 -51
5 -58
-18 -52
4 -58
-18 -53
5 -58
-17 -53
5 -57
-17 -52
4 -57
-18 -52
4 -56
-17 -52
4 -57
-18 -52
4 -56
-17 -52
5 -56
-17 -53
5 -57
-16 -53
5 -56
-17 -53
6 -56
-17 -54
7 -56
-18 -54
7 -55
-17 -54
7 -56
-18 -54
7 -57
-18 -55
8 -57
-17 -55
9 -57
-16 -55
10 -57
-15 -55
10 -56
-15 -56
9 -56
-15 -55
8 -56
-16 -55
7 -56
-16 -56
7 -55
-15 -56
6 -55
-15 -57
6 -56
-16 -57
5 -56
-15 -57
6 -56
-15 -58
6 -57
-16 -58
5 -57
-15 -58
4 -57
-15 -59
3 -57
-14 -59
2 -57
-15 -59
1 -57
-15 -60
0 -57
-15 -59
-1 -57
-15 -60
-2 -57
-14 -60
-1 -57
-14 -61
-2 -57
-14 -60
-2 -56
-14 -59
-2 -55
-14 -60
-2 -54
-14 -59
-3 -54
-14 -58
-3 -53
-14 -57
-4 -53
-14 -56
-5 -53
-14 -57
-5 -54
-13 -57
-6 -54
-14 -57
-6 -53
-13 -57
-5 -53
-14 -57
-4 -53
-14 -58
-5 -53
-15 -58
-4 -53
-15 -59
-5 -53
-15 -60
-6 -53
-14 -60
-5 -53
-13 -60
-4 -53
-14 -60
-3 -53
-14 -61
-3 -52
-14 -62
-3 -53
-13 -62
-3 -52
-12 -62
-3 -51
-11 -62
-2 -51
-11 -63
-2 -52
-11 -62
-2 -53
-12 -62
-2 -54
-13 -62
-3 -54
-12 -62
-4 -54
-12 -61
-4 -55
-11 -61
-4 -56
-11 -62
-4 -55
-10 -62
-5 -55
-10 -63
-6 -55
-11 -63
-5 -55
-11 -64
-5 -54
-11 -65
-6 -54
-11 -64
-5 -54
-11 -65
-5 -55
-12 -65
-6 -55
-12 -64
-6 -54
-12 -65
-5 -54
-13 -65
-5 -53
-12 -65
-4 -53
-12 -64
-4 -52
-12 -65
-4 -53
-13 -65
-4 -52
-14 -65
-3 -52
-13 -65
-3 -53
-13 -64
-3 -52
-12 -64
-2 -52
-13 -64
-2 -53
-12 -64
-2 -52
-12 -65
-1 -52
-11 -65
0 -52
-11 -64
1 -52
-10 -64
1 -53
-9 -64
1 -54
-10 -64
2 -54
-10 -65
1 -54
-10 -64
1 -55
-10 -65
2 -55
-11 -65
3 -55
-11 -64
2 -55
-12 -64
2 -54
-11 -64
2 -55
-11 -65
3 -55
-10 -65
4 -55
-11 -65
5 -55
-12 -65
6 -55
-12 -66
6 -54
-11 -66
5 -54
-10 -66
5 -55
-10 -65
6 -55
-10 -66
7 -55
-10 -67
8 -55
-11 -67
8 -54
-11 -68
7 -54
-10 -68
6 -54
-10 -69
5 -54
-10 -70
6 -54
-10 -69
6 -55
-11 -69
5 -55
-11 -68
5 -56
-11 -69
5 -55
-10 -69
4 -55
-10 -68
4 -54
-9 -68
5 -54
-10 -68
5 -53
-10 -67
5 -52
-11 -67
4 -52
-12 -67
4 -51
-11 -67
4 -52
-10 -67
4 -51
-10 -68
5 -51
-9 -68
6 -51
-10 -68
6 -50
-9 -68
7 -50
-10 -68
7 -49
-9 -68
8 -49
-8 -68
8 -48
-8 -67
8 -47
-9 -67
8 -46
-8 -67
8 -47
-8 -68
7 -47
-7 -68
6 -47
-8 -68
5 -47
-8 -69
5 -46
-7 -69
5 -45
-8 -69
5 -44
-8 -68
6 -44
-7 -68
6 -43
-7 -67
6 -42
-7 -68
6 -41
-7 -69
6 -40
-7 -70
7 -40
-7 -71
6 -40
-7 -72
7 -40
-6 -72
8 -40
-5 -72
7 -40
-5 -71
8 -40
-4 -71
9 -40
-4 -72
10 -40
-4 -71
10 -41
-4 -72
9 -41
-5 -72
9 -40
-5 -71
9 -39
-6 -71
9 -38
-6 -70
9 -39
-6 -71
10 -39
-6 -72
9 -39
-7 -72
10 -39
-8 -72
10 -40
-9 -72
9 -40
-9 -71
9 -39
-8 -71
9 -40
-7 -71
10 -40
-8 -71
9 -40
-8 -72
9 -39
-8 -71
10 -39
-9 -71
10 -38
-8 -71
10 -37
-9 -71
10 -36
-8 -71
10 -35
-8 -72
10 -34
-7 -72
10 -35
-6 -72
9 -35
-6 -71
8 -35
-6 -70
8 -36
-6 -71
9 -36
-6 -72
10 -36
-5 -72
9 -36
-4 -72
9 -35
-5 -72
8 -35
-5 -73
8 -36
-6 -73
7 -36
-6 -74
8 -36
-6 -75
7 -36
-6 -76
7 -37
-7 -76
7 -38
-6 -76
7 -37
-5 -76
7 -36
-4 -76
8 -36
-5 -76
8 -35
-5 -75
7 -35
-5 -76
8 -35
-5 -75
8 -36
-5 -74
8 -37
-6 -74
9 -37
-7 -74
8 -37
-6 -74
8 -38
-6 -75
8 -39
-7 -75
8 -38
-8 -75
8 -39
-7 -75
8 -38
-6 -75
7 -38
-5 -75
7 -37
-4 -75
7 -38
-4 -76
7 -39
-3 -76
8 -39
-2 -76
8 -38
-1 -76
7 -38
-2 -76
8 -38
-1 -76
7 -38
-1 -77
7 -37
-1 -76
6 -37
-1 -75
5 -37
-2 -75
5 -36
-2 -76
6 -36
-1 -76
6 -35
-1 -77
5 -35
-1 -78
4 -35
-1 -79
4 -36
0 -79
4 -37
0 -80
4 -36
0 -81
4 -35
1 -81
4 -36
0 -81
3 -36
0 -82
3 -37
0 -83
2 -37
0 -82
2 -36
0 -83
2 -35
0 -84
3 -35
0 -83
2 -35
0 -82
3 -35
1 -82
3 -34
2 -82
3 -35
1 -82
3 -34
2 -82
3 -33
2 -83
2 -33
1 -83
3 -33
0 -83
2 -33
-1 -83
2 -32
0 -83
2 -31
-1 -83
2 -30
-1 -82
2 -29
0 -82
2 -30
0 -83
1 -30
0 -82
1 -29
0 -81
1 -28
0 -82
1 -29
-1 -82
1 -30
-2 -82
1 -29
-2 -81
1 -30
-3 -81
0 -30
-4 -81
-1 -30
-4 -82
-2 -30
-4 -81
-2 -31
-4 -80
-3 -31
-3 -80
-4 -31
-3 -81
-5 -31
-4 -81
-5 -30
-3 -81
-6 -30
-4 -81
-5 -30
-4 -82
-5 -31
-3 -82
-4 -31
-2 -82
-5 -31
-2 -81
-6 -31
-2 -80
-7 -31
-1 -80
-6 -31
0 -80
-6 -30
1 -80
-6 -29
2 -80
-5 -29
2 -79
-6 -29
1 -79
-7 -29
0 -79
-8 -29
0 -78
-8 -28
0 -79
-7 -28
0 -78
-6 -28
0 -77
-7 -28
1 -77
-7 -29
1 -78
-7 -30
1 -77
-7 -29
0 -77
-7 -28
1 -77
-8 -28
1 -76
-7 -28
1 -75
-7 -27
1 -76
-6 -27
1 -75
-6 -28
1 -76
-6 -27
2 -76
-7 -27
2 -77
-7 -26
1 -77
-7 -25
0 -77
-8 -25
0 -78
-8 -24
-1 -78
-8 -25
-1 -79
-8 -26
-2 -79
-9 -26
-2 -78
-9 -27
-3 -78
-8 -27
-4 -78
-8 -26
-3 -78
-9 -26
-3 -77
-8 -26
-2 -77
-7 -26
-2 -78
-6 -26
-2 -77
-6 -27
-1 -77
-6 -26
0 -77
-6 -25
0 -78
-7 -25
0 -79
-7 -26
0 -78
-7 -27
1 -78
-6 -27
0 -78
-6 -28
1 -78
-7 -28
1 -77
-6 -28
0 -77
-6 -29
0 -76
-6 -28
1 -76
-6 -29
1 -75
-5 -29
1 -74
-6 -29
2 -74
-7 -29
1 -74
-6 -29
0 -74
-5 -29
0 -75
-6 -29
0 -76
-6 -28
1 -76
-6 -29
1 -77
-6 -30
1 -76
-5 -30
1 -75
-4 -30
2 -75
-4 -31
1 -75
-3 -31
1 -74
-2 -31
0 -74
-2 -30
1 -74
-2 -29
2 -74
-3 -29
2 -75
-3 -30
2 -76
-2 -30
2 -75
-2 -29
2 -76
-2 -28
2 -77
-1 -28
2 -78
-2 -28
3 -78
-2 -27
3 -79
-2 -26
4 -79
-3 -26
4 -78
-2 -26
5 -78
-2 -27
6 -78
-2 -28
6 -77
-1 -28
5 -77
-2 -28
4 -77
-2 -27
5 -77
-1 -27
5 -76
-2 -27
6 -76
-2 -26
5 -76
-1 -26
6 -76
-1 -27
7 -76
-2 -27
8 -76
-1 -27
8 -77
-1 -26
9 -77
-1 -25
10 -77
-1 -24
10 -76
-2 -24
11 -76
-1 -24
11 -77
-1 -23
12 -77
-1 -22
11 -77
-1 -23
11 -78
-1 -24
11 -79
-2 -24
11 -78
-2 -25
11 -79
-2 -26
11 -80
-2 -25
12 -80
-1 -25
12 -81
-1 -26
12 -80
-2 -26
12 -81
-2 -25
12 -82
-1 -25
12 -81
-1 -26
12 -82
-2 -26
13 -82
-2 -27
12 -82
-1 -27
12 -81
-2 -27
12 -82
-3 -27
12 -83
-2 -27
12 -84
-1 -27
12 -83
-1 -26
13 -83
-2 -26
13 -82
-1 -26
13 -83
-1 -27
13 -82
-2 -27
13 -81
-2 -28
13 -80
-3 -28
12 -80
-3 -27
11 -80
-3 -26
10 -80
-2 -26
9 -80
-2 -27
9 -81
-3 -27
9 -80
-3 -28
8 -80
-3 -27
8 -81
-2 -27
7 -81
-1 -27
8 -81
0 -27
8 -80
0 -28
8 -79
-1 -28
7 -79
-1 -27
8 -79
-2 -27
8 -78
-1 -27
8 -79
-1 -28
7 -79
-1 -29
8 -79
-1 -30
7 -79
-1 -29
8 -79
-1 -30
8 -80
-1 -29
9 -80
-1 -30
8 -80
-2 -30
7 -80
-1 -30
7 -79
-2 -30
8 -79
-3 -30
8 -80
-4 -30
8 -79
-4 -29
8 -78
-3 -29
8 -79
-2 -29
7 -79
-2 -28
7 -78
-3 -28
8 -78
-3 -27
7 -78
-3 -26
6 -78
-3 -27
6 -77
-3 -28
6 -78
-3 -27
5 -78
-4 -27
5 -77
-3 -27
6 -77
-4 -27
5 -77
-4 -28
5 -76
-4 -29
4 -76
-4 -28
4 -77
-4 -29
4 -78
-5 -29
3 -78
-6 -29
4 -78
-5 -29
4 -79
-5 -30
4 -80
-5 -31
4 -79
-5 -32
4 -78
-5 -31
4 -77
-4 -31
4 -78
-5 -31
5 -78
-4 -31
6 -78
-5 -31
5 -78
-4 -31
5 -79
-4 -32
5 -80
-5 -32
4 -80
-5 -31
4 -79
-5 -30
5 -79
-5 -31
6 -79
-5 -32
7 -79
-4 -32
7 -80
-5 -32
6 -80
-5 -33
5 -80
-5 -34
5 -79
-5 -35
5 -78
-4 -35
5 -77
-4 -34
5 -78
-3 -34
5 -77
-2 -34
4 -77
-2 -33
3 -77
-1 -33
2 -77
-2 -33
2 -78
-2 -32
1 -78
-2 -33
0 -78
-2 -34
0 -77
-2 -33
0 -76
-1 -33
-1 -76
0 -33
-1 -77
0 -32
-1 -76
0 -31
-2 -76
0 -32
-1 -76
0 -33
-1 -77
-1 -33
0 -77
-1 -32
1 -77
-1 -31
1 -76
-1 -32
1 -77
0 -32
1 -76
-1 -32
0 -76
-1 -31
0 -77
-2 -31
0 -76
-2 -32
1 -76
-3 -32
1 -77
-2 -32
2 -77
-1 -32
2 -76
0 -32
3 -76
1 -32
2 -76
1 -31
1 -76
0 -31
2 -76
0 -30
2 -77
1 -30
3 -77
1 -29
4 -77
1 -30
4 -78
0 -30
3 -78
-1 -30
3 -79
-2 -30
4 -79
-2 -29
3 -79
-2 -30
4 -79
-3 -30
4 -80
-3 -29
3 -80
-3 -28
2 -80
-2 -28
2 -81
-1 -28
2 -82
-1 -27
2 -81
-1 -28
2 -80
0 -28
3 -80
-1 -28
2 -80
-1 -27
2 -81
-2 -27
1 -81
-3 -27
0 -81
-2 -27
0 -82
-1 -27
0 -83
0 -27
0 -84
0 -26
0 -83
-1 -26
0 -82
0 -26
-1 -82
1 -26
-1 -81
1 -25
-2 -81
0 -25
-3 -81
0 -26
-2 -81
0 -27
-2 -82
-1 -27
-1 -82
0 -27
0 -82
0 -26
1 -82
1 -26
1 -83
0 -26
2 -83
-1 -26
2 -84
-1 -25
3 -84
-1 -24
2 -84
0 -24
1 -84
0 -25
1 -85
1 -25
1 -86
2 -25
1 -87
2 -24
1 -88
1 -24
1 -89
1 -23
0 -89
1 -22
1 -89
2 -22
1 -88
3 -22
2 -88
2 -22
1 -88
2 -21
1 -87
1 -21
1 -86
1 -20
1 -87
0 -20
1 -88
0 -21
0 -88
1 -21
1 -88
0 -21
0 -88
-1 -21
0 -89
-2 -21
0 -88
-3 -21
-1 -88
-3 -20
-1 -87
-3 -19
0 -87
-3 -20
0 -88
-3 -21
0 -87
-4 -21
0 -88
-4 -22
0 -89
-5 -22
0 -88
-4 -22
0 -89
-4 -23
1 -89
-5 -23
2 -89
-4 -23
1 -89
-5 -23
0 -89
-5 -22
-1 -89
-5 -23
-1 -88
-5 -24
-1 -87
-5 -23
-2 -87
-6 -23
-2 -86
-6 -24
-2 -87
-6 -25
-2 -86
-6 -24
-3 -86
-6 -23
-4 -86
-5 -23
-5 -86
-6 -23
-4 -86
-6 -22
-5 -86
-6 -21
-6 -86
-5 -21
-5 -86
-5 -22
-5 -87
-5 -23
-6 -87
-4 -23
-6 -86
-5 -23
-5 -86
-5 -24
-5 -85
-5 -25
-6 -85
-4 -25
-7 -85
-3 -25
-6 -85
-3 -26
-6 -84
-3 -27
-5 -84
-4 -27
-6 -84
-3 -27
-5 -84
-2 -27
-5 -85
-2 -28
-5 -86
-1 -28
-5 -87
-2 -28
-4 -87
-2 -27
-3 -87
-1 -27
-3 -86
0 -27
-4 -86
0 -26
-3 -86
0 -27
-3 -87
-1 -27
-4 -87
0 -27
-3 -87
0 -28
-4 -87
-1 -28
-4 -86
0 -28
-5 -86
1 -28
-5 -87
2 -28
-4 -87
2 -27
-4 -86
1 -27
-4 -87
2 -27
-4 -86
3 -27
-4 -85
2 -27
-5 -85
3 -27
-4 -85
2 -27
-4 -84
1 -27
-5 -84
1 -28
-5 -85
0 -28
-5 -84
-1 -28
-5 -85
-1 -29
-5 -84
-1 -30
-5 -85
0 -30
-6 -85
1 -30
-5 -85
2 -30
-4 -85
1 -30
-4 -84
0 -30
-4 -85
1 -30
-4 -84
2 -30
-4 -85
2 -31
-5 -85
2 -32
-4 -85
1 -32
-3 -85
1 -31
-4 -85
2 -31
-4 -86
2 -32
-4 -87
2 -33
-4 -88
2 -32
-4 -89
2 -33
-5 -89
1 -33
-5 -90
0 -33
-4 -90
1 -33
-3 -90
1 -32
-4 -90
0 -32
-3 -90
-1 -32
-2 -90
-1 -31
-2 -89
-1 -32
-2 -90
-1 -33
-1 -90
0 -33
0 -90
0 -34
0 -91
-1 -34
-1 -91
-1 -33
-1 -90
0 -33
-2 -90
0 -32
-2 -91
0 -31
-2 -90
0 -32
-3 -90
1 -32
-3 -89
1 -31
-2 -89
1 -30
-1 -89
0 -30
-1 -88
1 -30
-1 -89
1 -29
-1 -88
1 -28
-1 -87
1 -29
-2 -87
1 -28
-3 -87
0 -28
-3 -88
0 -29
-4 -88
0 -30
-4 -89
-1 -30
-3 -89
-1 -31
-3 -90
-1 -30
-3 -89
0 -30
-3 -90
0 -29
-3 -91
0 -30
-2 -91
0 -31
-1 -91
-1 -31
0 -91
0 -31
0 -92
0 -32
1 -92
0 -31
0 -92
0 -30
-1 -92
0 -31
-1 -91
0 -32
-1 -90
1 -32
0 -90
1 -33
0 -89
1 -34
0 -88
1 -33
0 -89
2 -33
0 -88
3 -33
0 -89
3 -34
0 -88
4 -34
0 -89
3 -34
0 -90
3 -35
0 -91
3 -36
-1 -91
3 -35
-1 -92
2 -35
-1 -91
2 -36
0 -91
2 -35
0 -92
3 -35
0 -91
3 -34
0 -92
2 -34
-1 -92
2 -33
0 -92
2 -32
0 -91
1 -32
-1 -91
2 -32
-1 -90
3 -32
-2 -90
3 -31
-2 -91
4 -31
-1 -91
5 -31
-1 -92
5 -32
-1 -91
6 -32
-1 -90
6 -31
0 -90
6 -32
0 -91
6 -33
0 -92
7 -33
1 -92
7 -34
0 -92
7 -33
-1 -92
7 -34
0 -92
7 -33
1 -92
8 -33
2 -92
8 -34
2 -91
7 -34
3 -91
6 -34
3 -90
5 -34
3 -89
5 -33
2 -89
5 -34
3 -89
5 -35
3 -90
5 -34
3 -89
6 -34
2 -89
6 -35
3 -89
6 -36
3 -88
5 -36
4 -88
5 -35
4 -87
5 -34
5 -87
6 -34
6 -87
5 -34
6 -86
5 -33
6 -87
6 -33
6 -88
7 -33
6 -87
6 -33
5 -87
7 -33
5 -86
6 -33
5 -87
6 -32
6 -87
6 -33
6 -88
6 -34
6 -87
7 -34
6 -86
7 -33
6 -85
8 -33
5 -85
8 -34
4 -85
8 -33
5 -85
9 -33
5 -86
8 -33
5 -87
9 -33
6 -87
9 -32
6 -88
10 -32
5 -88
9 -32
6 -88
8 -32
5 -88
9 -32
5 -89
8 -32
5 -88
7 -32
4 -88
8 -32
4 -87
9 -32
3 -87
10 -32
3 -86
11 -32
3 -87
11 -33
4 -87
11 -32
3 -87
11 -33
4 -87
11 -32
4 -86
11 -33
3 -86
10 -33
3 -85
10 -34
3 -84
10 -35
3 -85
10 -36
3 -84
10 -35
4 -84
10 -34
4 -85
10 -35
4 -84
9 -35
4 -83
10 -35
4 -82
11 -35
4 -81
11 -34
4 -82
12 -34
4 -83
12 -33
5 -83
12 -32
4 -83
11 -32
5 -83
10 -32
4 -83
10 -31
5 -83
10 -32
6 -83
11 -32
6 -84
11 -33
6 -83
11 -34
6 -84
12 -34
5 -84
12 -35
6 -84
13 -35
6 -83
12 -35
5 -83
12 -34
4 -83
12 -35
4 -82
12 -34
3 -82
12 -33
2 -82
12 -34
2 -81
12 -33
2 -82
12 -34
2 -81
13 -34
1 -81
13 -33
1 -80
12 -33
1 -79
12 -32
2 -79
11 -32
2 -80
11 -31
2 -79
12 -31
2 -80
12 -30
2 -79
12 -29
1 -79
12 -28
0 -79
13 -28
0 -78
12 -28
1 -78
13 -28
1 -77
13 -29
0 -77
13 -28
0 -78
13 -29
0 -79
13 -28
0 -78
13 -29
0 -77
12 -29
1 -77
11 -29
1 -76
12 -29
2 -76
13 -29
3 -76
14 -29
3 -77
15 -29
2 -77
16 -29
1 -77
15 -29
0 -77
16 -29
0 -78
16 -30
-1 -78
16 -29
-1 -79
17 -29
0 -79
16 -29
-1 -79
17 -29
-1 -80
17 -30
-1 -81
16 -30
0 -81
15 -30
-1 -81
15 -31
-1 -82
14 -31
-2 -82
13 -31
-2 -81
14 -31
-2 -82
14 -30
-2 -81
15 -30
-1 -81
15 -29
0 -81
15 -28
0 -82
16 -28
1 -82
15 -28
2 -82
14 -28
2 -81
14 -27
2 -82
13 -27
3 -82
14 -27
2 -82
15 -27
3 -82
15 -28
3 -81
16 -28
3 -80
15 -28
3 -81
15 -29
4 -81
14 -29
3 -81
13 -29
4 -81
14 -29
3 -81
15 -29
2 -81
14 -29
2 -82
15 -29
2 -81
15 -28
1 -81
16 -28
2 -81
16 -29
1 -81
17 -29
0 -81
17 -28
-1 -81
17 -29
-1 -82
18 -29
-1 -83
18 -30
-2 -83
18 -29
-2 -84
19 -29
-2 -83
18 -29
-3 -83
17 -29
-4 -83
17 -30
-5 -83
17 -29
-6 -83
16 -29
-6 -82
16 -28
-5 -82
17 -28
-5 -81
16 -28
-4 -81
15 -28
-4 -80
16 -28
-3 -80
15 -28
-4 -80
16 -28
-4 -79
17 -28
-4 -80
18 -28
-4 -79
18 -27
-4 -78
18 -28
-3 -78
19 -28
-3 -77
18 -28
-3 -76
18 -27
-3 -77
19 -27
-4 -77
19 -28
-4 -76
19 -29
-3 -76
19 -28
-2 -76
18 -28
-3 -76
19 -28
-4 -76
20 -28
-3 -76
20 -27
-2 -76
21 -27
-2 -75
20 -27
-3 -75
20 -28
-4 -75
21 -28
-4 -74
21 -29
-5 -74
22 -29
-5 -73
23 -29
-5 -72
22 -29
-5 -73
23 -29
-4 -73
23 -30
-4 -74
24 -30
-4 -73
24 -31
-4 -74
24 -32
-5 -74
23 -32
-5 -75
22 -32
-6 -75
22 -31
-5 -75
22 -30
-4 -75
22 -29
-5 -75
21 -29
-5 -74
21 -28
-6 -74
22 -28
-6 -73
22 -27
-6 -72
22 -26
-6 -73
22 -27
-6 -74
21 -27
-5 -74
21 -26
-5 -75
21 -27
-6 -75
21 -28
-6 -76
21 -29
-6 -77
21 -30
-6 -76
21 -29
-5 -76
21 -28
-5 -75
20 -28
-5 -74
21 -28
-4 -74
22 -28
-5 -74
23 -28
-5 -75
23 -27
-6 -75
24 -27
-7 -75
24 -26
-8 -75
23 -26
-8 -74
24 -26
-8 -75
24 -25
-8 -74
24 -26
-9 -74
25 -26
-8 -74
25 -25
-8 -75
25 -26
-9 -75
26 -26
-9 -76
26 -25
-9 -75
25 -25
-8 -75
26 -25
-8 -76
26 -24
-8 -77
26 -25
-8 -78
26 -26
-8 -79
25 -26
-9 -79
25 -27
-9 -78
24 -27
-9 -79
24 -26
-9 -78
25 -26
-8 -78
26 -26
-9 -78
26 -27
-9 -79
26 -28
-9 -80
26 -29
-8 -80
27 -29
-9 -80
27 -28
-8 -80
27 -29
-8 -81
28 -29
-8 -82
28 -28
-8 -83
28 -27
-9 -83
28 -28
-10 -83
28 -27
-9 -83
28 -26
-9 -82
29 -26
-10 -82
29 -25
-9 -82
29 -24
-9 -81
29 -23
-9 -80
29 -24
-10 -80
30 -24
-11 -80
30 -23
-11 -81
29 -23
-12 -81
30 -23
-12 -82
30 -22
-11 -82
30 -23
-10 -82
31 -23
-10 -83
31 -24
-11 -83
30 -24
-10 -83
30 -23
-11 -83
30 -24
-11 -82
30 -23
-10 -82
30 -24
-10 -83
30 -25
-9 -83
30 -24
-9 -82
29 -24
-9 -83
29 -23
-10 -83
30 -23
-10 -84
30 -24
-10 -83
31 -24
-11 -83
32 -24
-10 -83
31 -24
-10 -84
31 -23
-10 -83
31 -24
-11 -83
32 -24
-11 -82
33 -24
-10 -82
33 -23
-9 -82
33 -24
-8 -82
32 -24
-7 -82
33 -24
-7 -81
33 -23
-7 -82
34 -23
-7 -81
35 -23
-7 -80
36 -23
-6 -80
37 -23
-6 -79
38 -23
-6 -80
37 -23
-6 -79
37 -24
-5 -79
37 -25
-4 -79
37 -24
-5 -79
37 -23
-5 -78
37 -22
-5 -77
37 -21
-4 -77
38 -21
-4 -78
37 -21
-4 -79
36 -21
-3 -79
37 -21
-3 -80
36 -21
-4 -80
36 -20
-3 -80
36 -19
-4 -80
36 -20
-5 -80
35 -20
-4 -80
35 -19
-4 -79
36 -19
-3 -79
35 -19
-4 -79
35 -18
-3 -79
34 -18
-2 -79
34 -19
-3 -79
35 -19
-3 -78
35 -18
-3 -77
35 -19
-3 -78
34 -19
-2 -78
34 -18
-2 -77
35 -18
-1 -77
34 -18
-2 -77
34 -17
-2 -76
35 -17
-2 -77
36 -17
-2 -78
36 -18
-1 -78
36 -19
-1 -79
37 -19
-1 -80
37 -18
0 -80
37 -17
0 -81
38 -17
0 -82
38 -16
0 -81
37 -16
1 -81
38 -16
2 -81
37 -16
1 -81
37 -17
2 -81
36 -17
2 -82
35 -17
1 -82
36 -17
2 -82
36 -18
3 -82
35 -18
4 -82
35 -19
4 -83
35 -20
4 -82
35 -19
4 -83
36 -19
4 -82
36 -18
5 -82
36 -17
5 -83
36 -18
5 -84
36 -19
5 -83
37 -19
5 -82
36 -19
6 -82
36 -18
6 -83
36 -19
6 -84
36 -20
7 -84
35 -20
7 -85
36 -20
6 -85
36 -21
5 -85
37 -21
6 -85
38 -21
5 -85
39 -21
5 -84
38 -21
5 -83
38 -22
5 -84
37 -22
6 -84
37 -21
6 -85
36 -21
6 -84
36 -22
5 -84
37 -22
5 -83
37 -23
5 -84
37 -24
4 -84
36 -24
5 -84
37 -24
4 -84
37 -25
4 -85
37 -26
4 -84
38 -26
5 -84
38 -25
6 -84
37 -25
5 -84
37 -26
5 -85
37 -25
4 -85
37 -26
4 -84
38 -26
4 -83
37 -26
4 -84
36 -26
3 -84
36 -25
3 -83
37 -25
3 -82
37 -24
2 -82
37 -23
2 -81
37 -24
2 -80
38 -24
2 -81
37 -24
3 -81
37 -25
3 -80
37 -26
4 -80
36 -26
5 -80
37 -26
4 -80
37 -27
4 -79
37 -26
5 -79
38 -26
5 -78
38 -27
5 -79
38 -28
6 -79
37 -28
6 -78
37 -29
6 -79
38 -29
6 -80
38 -28
5 -80
38 -27
4 -80
38 -26
4 -81
39 -26
5 -81
39 -27
5 -80
39 -26
6 -80
39 -25
6 -81
39 -26
6 -82
39 -25
5 -82
39 -26
5 -81
39 -25
5 -82
39 -24
5 -81
40 -24
5 -82
39 -24
5 -81
38 -24
6 -81
39 -24
6 -80
38 -24
7 -80
39 -24
8 -80
39 -23
8 -79
38 -23
9 -79
37 -23
9 -78
37 -22
9 -79
37 -23
8 -79
38 -23
8 -78
38 -24
8 -79
38 -23
7 -79
39 -23
8 -79
40 -23
9 -79
40 -22
9 -78
39 -22
8 -78
39 -21
8 -77
38 -21
9 -77
38 -22
9 -78
38 -21
9 -77
39 -21
8 -77
40 -21
8 -76
40 -20
7 -76
40 -21
6 -76
39 -21
6 -77
40 -21
6 -76
39 -21
6 -77
39 -20
6 -76
40 -20
6 -75
40 -21
5 -75
41 -21
4 -75
42 -21
3 -75
43 -21
3 -76
43 -22
3 -77
44 -22
3 -76
44 -23
3 -75
45 -23
4 -75
45 -24
4 -76
44 -24
3 -76
44 -23
3 -77
43 -23
2 -77
44 -23
3 -77
43 -23
3 -78
44 -23
3 -77
45 -23
2 -77
45 -22
3 -77
46 -22
4 -77
46 -21
3 -77
46 -20
2 -77
46 -19
2 -76
47 -19
2 -77
47 -20
2 -76
46 -20
1 -76
46 -19
0 -76
47 -19
1 -76
47 -18
1 -75
48 -18
0 -75
49 -18
-1 -75
48 -18
-1 -76
49 -18
-1 -75
49 -17
-2 -75
49 -18
-1 -75
50 -18
-1 -76
49 -18
-2 -76
49 -19
-2 -77
49 -20
-2 -78
50 -20
-2 -77
50 -21
-2 -76
50 -22
-2 -77
51 -22
-1 -77
50 -22
-1 -76
50 -21
-2 -76
49 -21
-2 -75
50 -21
-1 -75
50 -22
0 -75
50 -23
-1 -75
50 -22
-1 -74
50 -21
-2 -74
50 -20
-1 -74
49 -20
-1 -73
49 -19
-1 -74
49 -20
0 -74
49 -19
0 -75
49 -20
-1 -75
49 -19
-2 -75
49 -20
-2 -76
48 -20
-1 -76
48 -21
0 -76
47 -21
0 -75
46 -21
1 -75
45 -21
1 -76
46 -21
0 -76
46 -20
0 -75
46 -19
1 -75
47 -19
1 -74
46 -19
2 -74
45 -19
2 -73
44 -19
2 -74
45 -19
3 -74
46 -19
4 -74
46 -20
4 -73
45 -20
4 -74
46 -20
5 -74
47 -20
6 -74
48 -20
6 -75
47 -20
7 -75
46 -20
7 -74
46 -19
8 -74
46 -20
7 -74
46 -19
6 -74
46 -18
7 -74
47 -18
6 -74
47 -19
5 -74
48 -19
5 -73
49 -19
5 -74
49 -20
6 -74
49 -19
6 -73
49 -20
6 -72
49 -21
6 -71
48 -21
5 -71
48 -22
4 -71
49 -22
3 -71
48 -22
2 -71
48 -21
2 -72
48 -20
3 -72
47 -20
2 -72
47 -19
1 -72
48 -19
0 -72
47 -19
-1 -72
46 -19
-1 -73
45 -19
-1 -72
46 -19
0 -72
45 -19
-1 -72
44 -19
0 -72
44 -20
1 -72
45 -20
1 -73
45 -21
2 -73
44 -21
2 -74
44 -22
1 -74
45 -22
0 -74
44 -22
0 -73
43 -22
0 -72
42 -22
1 -72
41 -22
1 -73
41 -23
2 -73
41 -22
2 -72
41 -21
2 -71
40 -21
3 -71
40 -22
2 -71
39 -22
1 -71
38 -22
1 -72
39 -22
1 -73
39 -23
0 -73
40 -23
0 -74
40 -24
0 -73
40 -23
0 -72
41 -23
1 -72
40 -23
2 -72
40 -24
2 -73
40 -23
3 -73
39 -23
4 -73
40 -23
4 -72
40 -24
4 -73
39 -24
3 -73
40 -24
2 -73
40 -23
2 -72
40 -24
2 -73
39 -24
3 -73
39 -25
3 -72
40 -25
4 -72
40 -24
3 -72
39 -24
4 -72
39 -23
3 -72
39 -24
3 -71
38 -24
3 -70
39 -24
3 -71
38 -24
