-1 -1
-1 -10
-1 -11
-1 -12
-1 -13
-1 -14
-1 -15
-1 -16
-1 -17
-1 -18
-1 -2
-1 -21
-1 -22
-1 -23
-1 -24
-1 -25
-1 -26
-1 -27
-1 -28
-1 -29
-1 -3
-1 -30
-1 -31
-1 -32
-1 -33
-1 -34
-1 -4
-1 -5
-1 -52
-1 -57
-1 -6
-1 -7
-1 -72
-1 -73
-1 -74
-1 -75
-1 -76
-1 -77
-1 -78
-1 -79
-1 -8
-1 -80
-1 -81
-1 -82
-1 -83
-1 -87
-1 -88
-1 -89
-1 -9
-1 -90
-1 -91
-1 -92
-1 0
-1 11
-1 12
-1 13
-1 14
-1 15
-1 16
-1 17
-1 18
-1 19
-1 2
-1 20
-1 21
-1 22
-1 23
-1 3
-1 4
-1 5
-1 6
-1 7
-1 8
-1 9
-10 -10
-10 -11
-10 -12
-10 -15
-10 -16
-10 -17
-10 -18
-10 -19
-10 -20
-10 -24
-10 -27
-10 -28
-10 -29
-10 -30
-10 -31
-10 -32
-10 -33
-10 -62
-10 -63
-10 -64
-10 -65
-10 -66
-10 -67
-10 -68
-10 -69
-10 -70
-10 -8
-10 -80
-10 -82
-10 -83
-10 -84
-10 -9
-11 -10
-11 -11
-11 -15
-11 -16
-11 -17
-11 -18
-11 -20
-11 -21
-11 -22
-11 -23
-11 -24
-11 -27
-11 -28
-11 -29
-11 -30
-11 -31
-11 -32
-11 -33
-11 -61
-11 -62
-11 -63
-11 -64
-11 -65
-11 -66
-11 -67
-11 -68
-11 -69
-11 -80
-11 -81
-11 -82
-11 -83
-11 -9
-12 -10
-12 -11
-12 -14
-12 -15
-12 -17
-12 -18
-12 -20
-12 -21
-12 -22
-12 -24
-12 -25
-12 -26
-12 -27
-12 -28
-12 -29
-12 -30
-12 -31
-12 -61
-12 -62
-12 -64
-12 -65
-12 -66
-12 -67
-12 -8
-12 -81
-12 -82
-12 -9
-13 -14
-13 -15
-13 -16
-13 -17
-13 -18
-13 -19
-13 -20
-13 -21
-13 -22
-13 -23
-13 -24
-13 -25
-13 -26
-13 -27
-13 -28
-13 -30
-13 -57
-13 -60
-13 -62
-13 -64
-13 -65
-13 -7
-13 -8
-13 -9
-14 -14
-14 -15
-14 -16
-14 -17
-14 -18
-14 -19
-14 -20
-14 -21
-14 -22
-14 -23
-14 -24
-14 -25
-14 -30
-14 -31
-14 -56
-14 -57
-14 -58
-14 -59
-14 -6
-14 -60
-14 -61
-14 -62
-14 -65
-14 -7
-14 -8
-14 -9
-15 -14
-15 -15
-15 -16
-15 -17
-15 -18
-15 -19
-15 -20
-15 -21
-15 -22
-15 -23
-15 -24
-15 -28
-15 -29
-15 -30
-15 -31
-15 -32
-15 -41
-15 -47
-15 -55
-15 -56
-15 -57
-15 -58
-15 -59
-15 -6
-15 -60
-15 -7
-15 -8
-15 -9
-16 -14
-16 -15
-16 -16
-16 -17
-16 -18
-16 -19
-16 -20
-16 -21
-16 -22
-16 -23
-16 -28
-16 -29
-16 -30
-16 -32
-16 -33
-16 -41
-16 -45
-16 -46
-16 -47
-16 -48
-16 -53
-16 -55
-16 -56
-16 -57
-16 -58
-16 -8
-17 -15
-17 -16
-17 -17
-17 -18
-17 -21
-17 -29
-17 -30
-17 -31
-17 -32
-17 -33
-17 -34
-17 -35
-17 -36
-17 -37
-17 -38
-17 -39
-17 -40
-17 -41
-17 -43
-17 -44
-17 -45
-17 -46
-17 -47
-17 -48
-17 -49
-17 -50
-17 -51
-17 -52
-17 -53
-17 -54
-17 -55
-17 -56
-17 -57
-17 -8
-18 -16
-18 -17
-18 -18
-18 -19
-18 -20
-18 -21
-18 -29
-18 -30
-18 -31
-18 -32
-18 -33
-18 -34
-18 -35
-18 -36
-18 -37
-18 -38
-18 -39
-18 -40
-18 -41
-18 -42
-18 -43
-18 -44
-18 -45
-18 -46
-18 -47
-18 -48
-18 -49
-18 -50
-18 -51
-18 -52
-18 -53
-18 -54
-18 -55
-18 -56
-18 -57
-19 -17
-19 -18
-19 -19
-19 -21
-19 -22
-19 -30
-19 -31
-19 -32
-19 -34
-19 -35
-19 -36
-19 -37
-19 -38
-19 -39
-19 -40
-19 -41
-19 -42
-19 -43
-19 -44
-19 -45
-19 -46
-19 -47
-19 -49
-19 -50
-19 -52
-19 -53
-19 -54
-19 -55
-19 -56
-19 -57
-19 -58
-2 -1
-2 -10
-2 -11
-2 -12
-2 -13
-2 -14
-2 -15
-2 -16
-2 -17
-2 -18
-2 -19
-2 -2
-2 -21
-2 -23
-2 -24
-2 -25
-2 -26
-2 -27
-2 -28
-2 -29
-2 -3
-2 -30
-2 -31
-2 -32
-2 -33
-2 -34
-2 -5
-2 -51
-2 -52
-2 -53
-2 -54
-2 -55
-2 -56
-2 -57
-2 -6
-2 -7
-2 -74
-2 -75
-2 -76
-2 -77
-2 -78
-2 -79
-2 -8
-2 -80
-2 -81
-2 -82
-2 -83
-2 -84
-2 -86
-2 -87
-2 -89
-2 -9
-2 -90
-2 -91
-2 0
-2 12
-2 13
-2 14
-2 15
-2 16
-2 17
-2 18
-2 19
-2 2
-2 20
-2 21
-2 22
-2 23
-2 3
-2 4
-2 5
-2 6
-2 7
-2 8
-2 9
-20 -32
-20 -34
-20 -35
-20 -36
-20 -37
-20 -38
-20 -39
-20 -40
-20 -41
-20 -42
-20 -43
-20 -44
-20 -45
-20 -46
-20 -47
-20 -50
-20 -51
-20 -52
-20 -53
-20 -54
-20 -55
-20 -56
-20 -57
-20 -58
-20 -59
-21 -35
-21 -36
-21 -37
-21 -38
-21 -39
-21 -40
-21 -41
-21 -42
-21 -43
-21 -44
-21 -45
-21 -46
-21 -47
-21 -53
-21 -54
-21 -55
-21 -56
-21 -57
-21 -58
-21 -59
-22 -33
-22 -34
-22 -35
-22 -36
-22 -37
-22 -38
-22 -39
-22 -40
-22 -41
-22 -42
-22 -43
-22 -44
-22 -45
-22 -46
-22 -51
-22 -52
-22 -53
-22 -54
-22 -56
-22 -57
-22 -58
-22 -59
-23 -34
-23 -35
-23 -37
-23 -38
-23 -39
-23 -40
-23 -41
-23 -42
-23 -43
-23 -44
-23 -51
-23 -52
-23 -54
-24 -34
-24 -35
-24 -36
-24 -37
-24 -38
-24 -39
-24 -40
-24 -41
-24 -42
-24 -43
-24 -44
-24 -45
-24 -48
-24 -49
-24 -50
-24 -51
-24 -52
-24 -53
-24 -54
-24 -55
-25 -30
-25 -32
-25 -33
-25 -34
-25 -35
-25 -36
-25 -37
-25 -38
-25 -39
-25 -40
-25 -41
-25 -42
-25 -43
-25 -44
-25 -45
-25 -46
-25 -47
-25 -48
-25 -49
-25 -50
-25 -51
-25 -52
-25 -53
-25 -54
-26 -29
-26 -30
-26 -31
-26 -32
-26 -34
-26 -35
-26 -36
-26 -37
-26 -38
-26 -39
-26 -40
-26 -41
-26 -42
-26 -43
-26 -44
-26 -45
-26 -46
-26 -47
-26 -48
-26 -49
-26 -50
-26 -51
-26 -52
-26 -54
-26 -55
-27 -30
-27 -31
-27 -32
-27 -33
-27 -34
-27 -35
-27 -36
-27 -37
-27 -38
-27 -39
-27 -40
-27 -41
-27 -42
-27 -43
-27 -44
-27 -45
-27 -46
-27 -47
-27 -48
-27 -49
-27 -50
-27 -51
-27 -52
-27 -53
-27 -54
-27 -55
-27 -56
-28 -32
-28 -33
-28 -34
-28 -35
-28 -36
-28 -37
-28 -38
-28 -39
-28 -40
-28 -41
-28 -42
-28 -43
-28 -44
-28 -46
-28 -47
-28 -48
-28 -49
-28 -50
-28 -51
-28 -52
-28 -53
-28 -54
-28 -55
-28 -56
-28 -58
-28 -61
-29 -33
-29 -34
-29 -35
-29 -36
-29 -37
-29 -38
-29 -39
-29 -40
-29 -41
-29 -42
-29 -43
-29 -45
-29 -46
-29 -47
-29 -48
-29 -49
-29 -50
-29 -51
-29 -52
-29 -53
-29 -54
-29 -55
-29 -56
-29 -57
-29 -58
-29 -59
-29 -60
-29 -61
-29 -62
-3 -1
-3 -10
-3 -11
-3 -12
-3 -13
-3 -14
-3 -15
-3 -16
-3 -17
-3 -18
-3 -19
-3 -2
-3 -20
-3 -21
-3 -22
-3 -23
-3 -24
-3 -25
-3 -26
-3 -27
-3 -28
-3 -29
-3 -3
-3 -30
-3 -31
-3 -32
-3 -34
-3 -4
-3 -5
-3 -51
-3 -52
-3 -53
-3 -54
-3 -6
-3 -7
-3 -75
-3 -76
-3 -77
-3 -78
-3 -79
-3 -8
-3 -80
-3 -81
-3 -82
-3 -83
-3 -85
-3 -86
-3 -87
-3 -88
-3 -89
-3 -9
-3 -90
-3 -91
-3 10
-3 11
-3 12
-3 13
-3 14
-3 15
-3 16
-3 17
-3 18
-3 19
-3 2
-3 20
-3 21
-3 22
-3 23
-3 3
-3 4
-3 5
-3 6
-3 7
-3 8
-3 9
-30 -33
-30 -34
-30 -35
-30 -36
-30 -37
-30 -38
-30 -39
-30 -41
-30 -42
-30 -43
-30 -44
-30 -47
-30 -48
-30 -49
-30 -50
-30 -51
-30 -52
-30 -53
-30 -54
-30 -55
-30 -56
-30 -57
-30 -58
-30 -59
-30 -60
-30 -61
-30 -62
-30 -63
-31 -37
-31 -38
-31 -39
-31 -40
-31 -41
-31 -42
-31 -43
-31 -45
-31 -46
-31 -47
-31 -48
-31 -49
-31 -50
-31 -51
-31 -53
-31 -54
-31 -55
-31 -56
-31 -57
-31 -58
-31 -60
-31 -61
-31 -62
-31 -63
-31 -64
-31 -65
-31 -66
-32 -40
-32 -45
-32 -46
-32 -47
-32 -48
-32 -50
-32 -53
-32 -54
-32 -55
-32 -56
-32 -57
-32 -58
-32 -59
-32 -60
-32 -61
-32 -62
-32 -65
-32 -66
-33 -45
-33 -46
-33 -48
-33 -49
-33 -50
-33 -51
-33 -52
-33 -53
-33 -55
-33 -56
-33 -57
-33 -58
-33 -59
-33 -60
-33 -61
-34 -45
-34 -48
-34 -49
-34 -50
-34 -51
-34 -52
-34 -53
-34 -56
-34 -57
-35 -45
-35 -48
-35 -49
-35 -50
-35 -51
-35 -52
-36 -45
-36 -49
-36 -51
-36 -52
-37 -45
-37 -46
-37 -47
-37 -48
-37 -49
-38 -44
-38 -45
-38 -46
-38 -47
-38 -49
-39 -47
-39 -48
-39 -49
-39 -50
-4 -1
-4 -10
-4 -11
-4 -12
-4 -13
-4 -14
-4 -15
-4 -16
-4 -17
-4 -18
-4 -19
-4 -2
-4 -20
-4 -21
-4 -22
-4 -23
-4 -24
-4 -25
-4 -26
-4 -27
-4 -28
-4 -29
-4 -3
-4 -30
-4 -31
-4 -32
-4 -34
-4 -35
-4 -4
-4 -5
-4 -52
-4 -53
-4 -54
-4 -55
-4 -56
-4 -6
-4 -71
-4 -72
-4 -73
-4 -74
-4 -75
-4 -76
-4 -77
-4 -78
-4 -79
-4 -8
-4 -80
-4 -81
-4 -82
-4 -83
-4 -84
-4 -85
-4 -86
-4 -87
-4 -88
-4 -89
-4 -9
-4 -90
-4 10
-4 13
-4 14
-4 15
-4 16
-4 17
-4 18
-4 19
-4 20
-4 21
-4 22
-4 23
-4 8
-4 9
-5 -10
-5 -11
-5 -12
-5 -14
-5 -15
-5 -16
-5 -17
-5 -18
-5 -19
-5 -20
-5 -21
-5 -22
-5 -23
-5 -24
-5 -25
-5 -26
-5 -27
-5 -28
-5 -29
-5 -3
-5 -30
-5 -31
-5 -32
-5 -33
-5 -34
-5 -35
-5 -4
-5 -5
-5 -53
-5 -54
-5 -55
-5 -6
-5 -71
-5 -72
-5 -73
-5 -74
-5 -75
-5 -76
-5 -77
-5 -78
-5 -79
-5 -8
-5 -80
-5 -81
-5 -82
-5 -83
-5 -84
-5 -85
-5 -86
-5 -87
-5 -89
-5 -9
-5 -90
-5 12
-5 13
-5 14
-5 15
-5 16
-5 17
-5 18
-5 19
-6 -10
-6 -11
-6 -12
-6 -15
-6 -16
-6 -17
-6 -19
-6 -2
-6 -20
-6 -21
-6 -22
-6 -23
-6 -24
-6 -25
-6 -26
-6 -27
-6 -28
-6 -29
-6 -3
-6 -30
-6 -31
-6 -32
-6 -33
-6 -34
-6 -53
-6 -54
-6 -55
-6 -6
-6 -70
-6 -71
-6 -72
-6 -73
-6 -74
-6 -75
-6 -76
-6 -77
-6 -79
-6 -80
-6 -82
-6 -83
-6 -84
-6 -85
-6 -86
-6 -87
-6 12
-6 13
-6 14
-6 15
-6 19
-7 -10
-7 -11
-7 -12
-7 -14
-7 -15
-7 -16
-7 -17
-7 -18
-7 -19
-7 -2
-7 -24
-7 -25
-7 -26
-7 -27
-7 -28
-7 -29
-7 -3
-7 -30
-7 -31
-7 -32
-7 -33
-7 -34
-7 -6
-7 -67
-7 -68
-7 -69
-7 -70
-7 -71
-7 -72
-7 -74
-7 -75
-7 -76
-7 -80
-7 -81
-7 -82
-7 -85
-7 -9
-7 13
-7 14
-7 15
-7 16
-8 -10
-8 -11
-8 -12
-8 -13
-8 -14
-8 -15
-8 -16
-8 -17
-8 -18
-8 -19
-8 -2
-8 -20
-8 -24
-8 -25
-8 -26
-8 -27
-8 -28
-8 -29
-8 -31
-8 -33
-8 -34
-8 -35
-8 -6
-8 -67
-8 -68
-8 -69
-8 -7
-8 -71
-8 -72
-8 -74
-8 -75
-8 -76
-8 -77
-8 -78
-8 -79
-8 -8
-8 -80
-8 -81
-8 -82
-8 -83
-8 -9
-8 15
-8 16
-9 -10
-9 -11
-9 -12
-9 -13
-9 -14
-9 -15
-9 -16
-9 -17
-9 -18
-9 -19
-9 -20
-9 -24
-9 -26
-9 -27
-9 -28
-9 -29
-9 -30
-9 -31
-9 -32
-9 -33
-9 -64
-9 -67
-9 -68
-9 -71
-9 -72
-9 -74
-9 -75
-9 -76
-9 -78
-9 -79
-9 -8
-9 -80
-9 -81
-9 -82
-9 -83
-9 15
0 -1
0 -10
0 -11
0 -12
0 -13
0 -14
0 -15
0 -16
0 -17
0 -2
0 -20
0 -21
0 -24
0 -25
0 -26
0 -27
0 -28
0 -29
0 -3
0 -30
0 -31
0 -32
0 -33
0 -34
0 -4
0 -5
0 -52
0 -57
0 -6
0 -7
0 -72
0 -73
0 -74
0 -75
0 -76
0 -77
0 -78
0 -79
0 -8
0 -80
0 -81
0 -82
0 -83
0 -84
0 -87
0 -88
0 -89
0 -9
0 -90
0 -91
0 -92
0 0
0 1
0 10
0 11
0 14
0 15
0 16
0 17
0 18
0 19
0 2
0 20
0 21
0 22
0 23
0 3
0 4
0 5
0 6
0 7
0 8
0 9
1 -1
1 -10
1 -11
1 -12
1 -13
1 -14
1 -15
1 -16
1 -17
1 -2
1 -20
1 -21
1 -22
1 -23
1 -24
1 -25
1 -26
1 -27
1 -28
1 -29
1 -3
1 -30
1 -31
1 -32
1 -33
1 -34
1 -4
1 -5
1 -52
1 -53
1 -54
1 -55
1 -57
1 -6
1 -7
1 -71
1 -72
1 -73
1 -74
1 -75
1 -76
1 -77
1 -78
1 -79
1 -8
1 -80
1 -81
1 -82
1 -83
1 -84
1 -85
1 -86
1 -87
1 -88
1 -89
1 -9
1 -92
1 0
1 1
1 14
1 15
1 17
1 18
1 19
1 2
1 20
1 21
1 22
1 3
1 4
1 5
1 7
1 8
10 -15
10 -16
10 -18
10 -2
10 -21
10 -22
10 -23
10 -24
10 -25
10 -26
10 -27
10 -28
10 -29
10 -3
10 -30
10 -31
10 -32
10 -33
10 -34
10 -35
10 -36
10 -37
10 -38
10 -39
10 -4
10 -40
10 -41
10 -44
10 -45
10 -46
10 -47
10 -49
10 -5
10 -50
10 -51
10 -52
10 -53
10 -56
10 -57
10 -58
10 -59
10 -6
10 -60
10 -61
10 -7
10 -76
10 -77
10 -8
10 -80
11 -16
11 -17
11 -18
11 -19
11 -21
11 -22
11 -23
11 -24
11 -25
11 -26
11 -27
11 -28
11 -29
11 -3
11 -30
11 -31
11 -32
11 -33
11 -34
11 -35
11 -38
11 -39
11 -4
11 -40
11 -43
11 -44
11 -45
11 -46
11 -47
11 -48
11 -49
11 -5
11 -50
11 -51
11 -52
11 -53
11 -54
11 -55
11 -56
11 -57
11 -58
11 -59
11 -6
11 -60
11 -61
11 -7
11 -76
11 -77
11 -78
11 -79
11 -8
11 -80
12 -19
12 -21
12 -22
12 -24
12 -25
12 -26
12 -27
12 -28
12 -29
12 -30
12 -31
12 -32
12 -33
12 -34
12 -35
12 -37
12 -38
12 -39
12 -40
12 -41
12 -43
12 -44
12 -45
12 -46
12 -47
12 -48
12 -51
12 -53
12 -57
12 -58
12 -6
12 -61
12 -7
12 -77
12 -80
12 -81
12 -82
12 -83
12 -84
13 -18
13 -19
13 -20
13 -21
13 -22
13 -23
13 -24
13 -25
13 -26
13 -27
13 -28
13 -29
13 -31
13 -33
13 -34
13 -35
13 -37
13 -39
13 -40
13 -41
13 -42
13 -43
13 -44
13 -45
13 -46
13 -47
13 -48
13 -49
13 -50
13 -51
13 -80
13 -81
13 -82
13 -83
14 -19
14 -20
14 -21
14 -22
14 -23
14 -24
14 -25
14 -26
14 -27
14 -28
14 -29
14 -30
14 -31
14 -37
14 -41
14 -42
14 -43
14 -44
14 -45
14 -46
14 -47
14 -48
15 -19
15 -20
15 -21
15 -22
15 -23
15 -24
15 -25
15 -26
15 -27
15 -28
15 -29
15 -30
15 -31
15 -37
15 -43
15 -44
15 -47
15 -48
15 -49
16 -19
16 -20
16 -21
16 -22
16 -23
16 -24
16 -25
16 -26
16 -27
16 -28
16 -29
16 -30
16 -31
16 -32
16 -33
16 -34
16 -37
16 -43
16 -44
16 -48
17 -19
17 -20
17 -21
17 -22
17 -23
17 -24
17 -25
17 -26
17 -27
17 -28
17 -29
17 -30
17 -31
17 -32
17 -33
17 -34
17 -35
18 -19
18 -20
18 -21
18 -22
18 -23
18 -24
18 -25
18 -26
18 -27
18 -28
18 -29
18 -30
18 -31
18 -32
18 -33
18 -34
18 -35
19 -20
19 -21
19 -22
19 -23
19 -24
19 -25
19 -26
19 -27
19 -28
19 -29
19 -30
19 -31
19 -32
19 -33
19 -34
19 -35
2 -1
2 -10
2 -11
2 -12
2 -13
2 -14
2 -15
2 -2
2 -21
2 -22
2 -24
2 -25
2 -27
2 -28
2 -29
2 -3
2 -30
2 -31
2 -32
2 -33
2 -34
2 -35
2 -36
2 -37
2 -4
2 -54
2 -55
2 -57
2 -7
2 -71
2 -72
2 -73
2 -74
2 -75
2 -76
2 -77
2 -78
2 -79
2 -8
2 -80
2 -81
2 -82
2 -83
2 -84
2 -88
2 -89
2 -9
2 -91
2 -92
2 1
2 14
2 17
2 18
2 19
2 2
2 20
2 3
2 7
20 -19
20 -20
20 -21
20 -22
20 -23
20 -24
20 -25
20 -26
20 -27
20 -28
20 -29
20 -30
20 -31
20 -32
20 -33
20 -34
20 -35
20 -36
21 -19
21 -23
21 -24
21 -25
21 -26
21 -27
21 -28
21 -29
21 -30
21 -31
21 -32
21 -33
21 -34
22 -12
22 -13
22 -14
22 -15
22 -18
22 -19
22 -22
22 -23
22 -24
22 -25
22 -26
22 -27
22 -28
22 -29
22 -30
22 -31
22 -32
22 -33
22 -34
22 -35
23 -11
23 -12
23 -13
23 -14
23 -15
23 -16
23 -17
23 -18
23 -19
23 -20
23 -21
23 -22
23 -23
23 -24
23 -25
23 -26
23 -27
23 -28
23 -29
23 -30
23 -31
23 -32
23 -33
24 -10
24 -11
24 -12
24 -13
24 -14
24 -15
24 -16
24 -17
24 -18
24 -19
24 -20
24 -21
24 -22
24 -23
24 -24
24 -25
24 -26
24 -27
24 -28
24 -29
24 -30
24 -31
24 -32
24 -33
24 -9
25 -10
25 -11
25 -12
25 -13
25 -14
25 -15
25 -16
25 -17
25 -19
25 -20
25 -21
25 -22
25 -23
25 -24
25 -25
25 -26
25 -27
25 -28
25 -29
25 -30
25 -31
25 -32
25 -33
25 -34
25 -8
25 -9
26 -10
26 -11
26 -12
26 -13
26 -14
26 -16
26 -17
26 -18
26 -19
26 -20
26 -21
26 -22
26 -23
26 -24
26 -25
26 -26
26 -27
26 -28
26 -29
26 -30
26 -31
26 -32
26 -33
26 -34
27 -11
27 -12
27 -13
27 -17
27 -18
27 -19
27 -20
27 -21
27 -22
27 -23
27 -24
27 -25
27 -26
27 -27
27 -28
27 -29
27 -30
27 -31
27 -32
28 -17
28 -18
28 -19
28 -20
28 -21
28 -22
28 -23
28 -25
28 -26
28 -27
28 -28
28 -29
28 -30
28 -31
28 -32
29 -21
29 -22
29 -23
29 -24
29 -25
29 -26
29 -27
29 -28
29 -29
29 -30
29 -31
3 -1
3 -10
3 -11
3 -12
3 -13
3 -14
3 -2
3 -22
3 -27
3 -29
3 -3
3 -30
3 -31
3 -32
3 -33
3 -34
3 -35
3 -36
3 -37
3 -4
3 -5
3 -55
3 -57
3 -7
3 -70
3 -71
3 -72
3 -73
3 -74
3 -75
3 -76
3 -77
3 -78
3 -79
3 -8
3 -80
3 -81
3 -82
3 -83
3 -84
3 -85
3 -86
3 -87
3 -88
3 -89
3 -9
3 -90
3 -91
3 0
3 1
3 14
3 17
3 18
3 2
3 3
30 -21
30 -22
30 -23
30 -24
30 -25
30 -28
30 -29
30 -30
31 -23
31 -24
32 -24
33 -23
33 -24
34 -17
34 -18
34 -19
34 -23
35 -17
35 -18
35 -19
35 -20
35 -23
36 -17
36 -18
36 -19
36 -20
36 -21
36 -22
36 -23
36 -24
36 -25
36 -26
37 -16
37 -17
37 -18
37 -19
37 -21
37 -22
37 -23
37 -24
37 -25
37 -26
37 -27
37 -28
37 -29
38 -16
38 -17
38 -21
38 -22
38 -23
38 -24
38 -25
38 -26
38 -27
38 -28
38 -29
39 -20
39 -21
39 -22
39 -23
39 -24
39 -25
39 -26
39 -27
4 -1
4 -11
4 -12
4 -13
4 -14
4 -2
4 -26
4 -27
4 -28
4 -29
4 -3
4 -30
4 -31
4 -34
4 -35
4 -36
4 -37
4 -4
4 -43
4 -44
4 -45
4 -5
4 -51
4 -52
4 -54
4 -55
4 -56
4 -57
4 -58
4 -59
4 -6
4 -7
4 -71
4 -72
4 -73
4 -74
4 -75
4 -76
4 -77
4 -78
4 -79
4 -8
4 -80
4 -81
4 -82
4 -83
4 -84
4 -85
4 -86
4 -87
4 -88
4 -9
4 0
4 1
4 2
4 3
40 -20
40 -21
40 -22
40 -23
40 -24
40 -25
41 -21
41 -22
41 -23
42 -21
42 -22
43 -21
43 -22
43 -23
44 -19
44 -20
44 -21
44 -22
44 -23
44 -24
45 -19
45 -20
45 -21
45 -22
45 -23
45 -24
46 -18
46 -19
46 -20
46 -21
46 -22
47 -18
47 -19
47 -20
47 -21
48 -18
48 -19
48 -20
48 -21
48 -22
49 -17
49 -18
49 -19
49 -20
49 -21
49 -22
5 -11
5 -12
5 -13
5 -2
5 -23
5 -26
5 -27
5 -28
5 -29
5 -3
5 -30
5 -31
5 -32
5 -33
5 -34
5 -35
5 -36
5 -37
5 -4
5 -43
5 -44
5 -45
5 -46
5 -47
5 -5
5 -50
5 -51
5 -52
5 -53
5 -54
5 -55
5 -56
5 -57
5 -58
5 -59
5 -6
5 -7
5 -71
5 -73
5 -74
5 -75
5 -76
5 -77
5 -78
5 -79
5 -8
5 -80
5 -81
5 -82
5 -83
5 -84
5 -85
5 -86
5 -87
5 -88
5 -89
5 -9
5 0
5 2
50 -18
50 -20
50 -21
50 -22
50 -23
51 -22
6 -10
6 -11
6 -12
6 -13
6 -14
6 -15
6 -2
6 -23
6 -25
6 -26
6 -27
6 -28
6 -29
6 -30
6 -31
6 -32
6 -33
6 -34
6 -35
6 -36
6 -37
6 -4
6 -40
6 -41
6 -42
6 -43
6 -44
6 -45
6 -46
6 -47
6 -48
6 -49
6 -5
6 -50
6 -51
6 -53
6 -54
6 -55
6 -56
6 -57
6 -58
6 -59
6 -6
6 -7
6 -71
6 -72
6 -73
6 -74
6 -75
6 -76
6 -77
6 -78
6 -79
6 -8
6 -80
6 -81
6 -82
6 -83
6 -84
6 -85
6 -86
6 -87
6 -88
6 -9
7 -10
7 -11
7 -12
7 -13
7 -15
7 -2
7 -20
7 -21
7 -22
7 -23
7 -24
7 -25
7 -26
7 -27
7 -28
7 -29
7 -3
7 -30
7 -31
7 -32
7 -33
7 -34
7 -35
7 -36
7 -37
7 -38
7 -39
7 -4
7 -40
7 -44
7 -45
7 -46
7 -47
7 -48
7 -49
7 -50
7 -53
7 -54
7 -55
7 -56
7 -57
7 -58
7 -59
7 -6
7 -74
7 -75
7 -76
7 -78
7 -79
7 -8
7 -80
7 -81
7 -84
7 -85
7 -9
8 -11
8 -12
8 -15
8 -16
8 -20
8 -21
8 -22
8 -23
8 -25
8 -26
8 -27
8 -28
8 -29
8 -3
8 -30
8 -31
8 -32
8 -33
8 -34
8 -35
8 -36
8 -37
8 -38
8 -39
8 -4
8 -40
8 -44
8 -45
8 -46
8 -47
8 -48
8 -49
8 -5
8 -50
8 -51
8 -52
8 -53
8 -54
8 -55
8 -56
8 -57
8 -58
8 -59
8 -6
8 -7
8 -74
8 -76
8 -77
8 -78
8 -79
8 -8
8 -80
8 -81
8 -9
9 -16
9 -2
9 -21
9 -22
9 -23
9 -24
9 -25
9 -26
9 -27
9 -28
9 -29
9 -3
9 -30
9 -31
9 -32
9 -33
9 -34
9 -35
9 -36
9 -37
9 -38
9 -39
9 -4
9 -40
9 -41
9 -44
9 -45
9 -46
9 -47
9 -49
9 -5
9 -50
9 -51
9 -52
9 -56
9 -57
9 -59
9 -6
9 -7
9 -77
9 -78
9 -79
9 -8
9 -80
9 -81